[3.6953712 3.501539  3.4418912 3.9560814 3.8932948 3.8201966 3.8792167
 3.8660727 3.837913  4.1476545 3.704213  3.7617316 3.5314355 3.9629636
 3.8080237 3.5651817 3.5750167 3.745655  3.9646852 3.8602483 3.5443091
 4.2510104 4.0468698 3.6428275 3.496377  3.5380845 3.4371927 4.018249
 3.5579667 3.9552097 4.1067467 3.820891  3.6170888 3.790269  3.474597
 3.699414  3.3961208 3.5230243 3.7381282 3.4319491 3.3369873 3.5426593
 3.7483878 3.855224  4.0447674 3.7143087 3.9114256 3.8119655 3.5903363
 4.0158286 4.1866374 3.9154165 3.515337  3.838672  4.0421023 3.9743433
 3.883942  3.8988037 3.9267843 3.9510667 3.894991  3.584515  3.4369974
 3.9435928 3.8734643 3.6278567 3.4060962 3.5898557 3.8944354 3.6876407
 3.7173493 3.500028  3.7175636 3.8410933 3.3597116 3.8454466 3.830247
 3.5466676 3.6921325 3.6247857 3.6703048 3.719201  3.7196622 3.475741
 3.453453  3.9843478 3.8547993 3.6591845 4.078795  3.6786952 3.5374713
 3.710275  3.826583  3.4377432 3.7217488 3.7918882 4.0066857 3.9946783
 3.716704  4.051613  3.5793085 3.6036055 3.4862921 3.1725268 3.4157972
 3.7175903 3.7680244 3.409596  3.5328088 3.6719246 3.5990667 3.247514
 3.8792772 3.7705863 3.7432714 3.583581  3.5483255 3.5247798 3.766712
 3.4871469 3.8921466 3.3471503 3.4025865 3.960116  3.788617  3.7659752
 4.0425653 3.5248988 4.0570593 3.4285252 4.041381  3.8763907 4.2810616
 4.0311217 4.088325  3.9985914 3.932632  3.427082  3.3969593 3.4169946
 3.5504618 3.4712543 3.6065454 3.6641722 3.5708275 3.5346785 3.5404265
 3.5142183 3.6322377 3.863117  3.5076926 3.7192607 3.6015437 3.5679946
 3.5892901 3.7487009 4.154082  3.403741  3.614162  3.822555  3.6186287
 3.8923416 3.5862849 3.6283865 4.027921  4.0544477 3.4263444 3.6012454
 3.7873106 4.106597  3.6221404 4.3205533 3.7300713 3.704115  3.6713686
 3.9241867 3.7716923 3.9865713 3.6595745 4.256514  3.9899201 3.9745884
 3.763083  3.5819688 3.708156  3.7028198 4.1154704 4.215211  3.737739
 4.241816  4.022813  4.0021267 3.9232864 3.7635448 3.8072762 3.8971078
 4.058881  3.6600885 4.2717395 3.5314403 3.5053523 3.6824737 3.7133367
 3.6762645 4.27744   3.5562627 4.065559  3.5644703 3.9898524 3.6622107
 3.8503985 3.9222548 4.045331  4.223049  3.8859024 3.6924086 3.4219918
 3.5480657 3.361321  3.562346  3.8807993 3.7098231 3.9631886 3.8300796
 3.3982751 3.5581713 3.6571734 3.740117  3.6695561 3.691791  3.5949373
 3.5974107 3.4824128 3.618194  3.8333163 3.802635  3.858922  3.6099892
 3.9186993 3.5744615 3.8292103 3.4970741 3.3575141 3.8113236 3.9749641
 3.805533  3.1730294 3.5908341 3.4501226 3.6781192 3.5718093 3.6209435
 3.8156438 3.5945442 3.6005769 3.504808  3.699082  3.8230982 3.3662465
 3.632189  3.3471162 3.6333861 3.232685  3.4565701 3.6626296 3.368228
 3.833599  3.7995048 3.5120292 3.7515726 3.8157175 3.762642  3.6894329
 3.5979009 3.9796796 3.8933504 3.8132339 3.7159371 3.783621  3.7722125
 3.5365534 3.7524323 3.918313  3.567912  3.9372296 4.1209974 3.7756858
 3.47117   3.7329807 3.4122062 3.5696263 3.6452448 3.83465   3.4442103
 3.5335865 3.5158186 3.9160156 3.6957495 4.0289025 3.5554442 3.456946
 4.020601  3.7662282 3.3945084 3.7120352 3.8633676 3.632605  3.4364946
 3.4835896 3.6532629 3.8661044 3.8977618 3.8821588 3.099304  3.8085485
 3.7726889 3.8842244 4.2405767 3.6242845 3.5333762 3.4519002 3.5555143
 3.4736671 3.4406185 3.652215  4.0256004 3.8082705 3.625956  3.797541
 3.4710171 3.4123569 3.792505  3.5623927 3.5693076 3.3295507 3.4728954
 3.6703463 3.396305  3.7510006 3.732224  3.3769302 3.4651356 3.5383425
 3.6856866 3.7988982 3.7432268 3.7301536 3.758682  3.3899803 3.4666686
 3.1968637 3.2590199 3.500598  3.5516534 3.3726723 3.944032  3.9970627
 3.4847987 3.4078999 3.4221275 3.4220438 3.3653846 3.3258014 3.304812
 3.6424727 3.6074789 3.496679  3.345604  3.362934  3.7044044 3.8401783
 3.5338473 3.5558963 3.3717427 3.5691261 3.3419018 3.3001533 3.8442814
 3.2671013 3.642815  3.6651561 3.9128008 3.3852804 3.3736284 3.6166072
 3.4011626 3.8055644 3.3918571 3.4980078 3.4236617 3.4383197 3.7560577
 3.4981759 3.4757705 3.3709712 3.4470732 3.287609  3.4097514 3.5042577
 3.3575983 3.4055657 3.7426107 3.912726  3.6331005 3.588271  3.3608706
 3.382982  3.7991312 3.6933742 3.4219446 3.520005  3.3582702 3.258001
 3.6141696 3.5539832 3.7693634 3.6687799 3.722354  3.5952537 3.6709957
 3.872369  3.5974517 3.8662775 3.1668563 3.5676363 3.7069955 4.00556
 3.600375  4.003917  3.9043865 3.5778506 3.7489858 3.5400631 3.6348286
 3.8599112 3.4279904 3.0475607 3.0554748 3.0475607 3.1725159 3.330822
 3.0726912 3.519103  3.3590894 3.3229895 3.1969514 3.4435787 3.4304638
 3.6410213 3.5866928 3.6294813 3.421052  3.2910156 3.7313833 3.48253
 3.3945558 3.4115443 3.6890676 3.8076136 3.620782  3.9117537 3.9950705
 3.5896707 3.848387  3.559915  3.6370788 3.8788779 3.7578034 3.856368
 3.6021233 4.051982  3.456823  3.6313086 3.9760125 3.8201313 3.44187
 3.4484005 3.846699  3.888103  3.8480828 4.0842814 3.7743921 4.340713
 4.2064857 3.7632582 3.7921426 3.8361158 4.1263285 4.2662373 3.991766
 3.7135081 4.084487  3.7656353 3.7803497 3.728478  3.9862072 3.718222
 4.050573  4.0860863 3.5352583 3.722786  3.858188  3.9626455 4.071504
 3.8945882 3.932239  4.0184903 3.779104  3.9575815 4.127518  3.8899426
 4.049346  3.947792  3.812726  4.2715974 3.7069392 4.1090784 3.8499324
 3.681564  3.8418696 4.250584  3.9183784 4.035189  3.724371  4.189091
 3.9518404 3.9675667 4.3214726 3.999764  3.6345248 4.002667  3.4084487
 3.5630388 3.6766915 3.5615203 3.7985878 3.724856  3.5504608 3.3624904
 3.4012256 3.4164977 3.6626716 3.9831543 3.8090844 3.4592288 3.536772
 3.4109325 3.3166206 4.102314  3.5334558 3.2784657 3.4055362 3.814574
 3.471682  3.6155524 3.3407476 3.7772274 3.7731786 3.6736076 3.528291
 3.6167471 3.6083856 3.2815554 3.3826442 3.3640065 3.5645366 3.2924728
 3.6757128 3.568077  3.586171  3.4890163 3.417346  3.484529  3.5633862
 3.5305815 3.574812  3.4127965 3.6130812 3.3899562 3.6483912 3.7355561
 3.9556494 3.578184  3.8073149 3.3200133 3.4097571 3.8666189 3.728795
 3.7615683 3.3883986 3.8098104 3.6757493 3.6615844 3.634242  3.4403405
 3.6378527 3.5139742 3.7098813 3.6863103 3.6899981 3.9151423 3.8277793
 3.888205  3.7480907 3.8059554 4.02888   3.824306  3.9254704 3.632926
 3.7645965 4.314281  4.0031796 3.7302413 3.9931073 3.747899  3.5842214
 4.1939964 4.035486  3.6859617 3.6610732 3.4915302 3.4832358 3.4262586
 3.6390452 3.5886493 3.47048   3.7524168 3.857465  3.5924358 3.6247666
 4.284307  4.0021586 4.00263   3.8586962 3.3014317 3.5741282 3.4527893
 3.9630022 3.9594917 3.8515406 4.375524  4.3156447 3.5464728 3.7097673
 3.7603683 3.7385364 4.2952275 3.7736113 3.9875665 3.9715204 4.2485557
 3.9133022 4.163697  4.227204  3.8690884 4.158199  4.15842   3.7213626
 3.9522805 3.8980503 3.8364987 3.9463227 3.6648493 3.9227114 3.5924382
 3.294501  3.2253828 3.1787548 3.1946552 3.4868438 3.5270128 3.347624
 3.9856396 3.3699157 3.488091  3.7499075 3.7938929 3.6972127 3.539734
 3.36407   3.2058423 3.4819274 3.2940624 3.648766  3.5249355 3.8696308
 3.435936  3.2489996 3.5081031 3.9335375 3.711063  3.9574778 3.7953143
 3.6761308 3.8127265 3.7793791 3.7311804 3.5586042 3.8973174 3.5191453
 4.028489  3.655614  3.9491029 3.929202  3.8048005 3.319316  3.9964094
 3.9199078 3.7052975 3.4844327 4.5735536 3.8273559 3.772698  3.889065
 3.790543  3.801693  3.6718416 3.463004  3.4977875 3.8248403 3.427348
 3.3854628 3.738083  3.886095  3.2837014 3.5287077 3.84112   3.451352
 3.8509831 3.8797534 3.8048372 3.6467006 3.6899014 3.364746  3.8689394
 3.9900608 3.8531504 3.4882379 3.6053357 3.8225186 3.7634764 3.8029401
 3.419988  4.0598116 3.590383  3.4628706 3.6490848 3.574909  3.467471
 3.6971042 3.5935879 3.491027  3.899447  3.5688438 3.6031618 3.4214735
 3.3919468 3.3673065 3.2624588 3.4202883 3.5073838 3.7344737 3.421922
 3.5102482 3.4261262 3.4367318 3.1766381 3.3556085 3.5207233 4.0589647
 3.582208  3.8136346 3.3912163 3.2790132 3.8131077 3.5641525 3.0714638
 3.9255733 3.3242009 3.3606706 3.5488153 3.621244  3.4791617 3.1816738
 3.5607247 3.4416533 3.6865282 3.0677242 3.7990198 3.390815  3.235051
 3.5780773 3.3566165 3.8294861 3.3845105 3.5555649 3.566196  3.3168173
 3.7489135 3.3843203 3.3106441 3.5252395 3.9568503 3.2779956 3.6625109
 3.9499593 3.60281   3.6452851 3.6929488 3.4102557 3.8447754 3.397265
 3.7302966 3.1904292 3.7575371 3.2499857 3.2494814 3.3822467 3.3518636
 3.4446917 3.580463  3.727355  3.8599892 3.3746767 3.5697792 3.370211
 3.4383178 3.385705  3.4019551 3.2664728 3.5107365 3.4939609 3.4231043
 3.3334336 3.8826222 3.8515534 4.002129  3.4040318 3.203433  3.7230368
 3.484556  3.7747824 3.431135  3.50498   3.4976773 3.683927  4.0512886
 4.0999084 3.5019288 3.7953115 3.4534004 3.3583689 3.3362772 3.2436287
 4.2484612 3.8981414 3.1904292 2.970521  3.2278738 3.2941635 3.0195453
 3.3293343 4.05827   3.428631  3.8790276 3.5739188 3.581154  3.903789
 3.5599084 3.277431  3.3325713 3.3349884 3.4376311 3.6688602 3.67672
 3.375034  3.3372655 3.509252  3.6315448 3.5490499 3.3966255 3.5053136
 3.4927306 3.4048018 3.1881301 3.530249  3.6330383 3.521835  3.4512992
 3.3758507 3.8018541 3.3482468 3.148393  3.2832189 3.3677306 3.7367063
 3.3701067 3.6425252 3.6215577 3.7599638 3.1939821 3.7237806 3.5984735
 3.6755037 3.5757964 3.6739135 3.3279037 3.196966  3.5992575 3.3757582
 3.5825324 3.375227  3.1428416 3.9076257 3.7503781 3.5766997 3.7833414
 3.3396306 3.5979657 3.4165738 3.966     3.559716  3.9939547 3.6880658
 3.478736  3.3634152 3.4740543 3.6244726 3.4275684 3.4264576 3.487567
 3.3415203 3.637752  3.6627936 3.86582   3.9314632 3.6223996 3.4016013
 3.8315854 3.296992  3.7355568 3.8110838 3.486814  3.970851  4.0249825
 3.5473316 3.4449267 3.3826075 3.82247   3.7164094 3.4288228 3.514131
 3.8164682 3.833115  3.8763206 3.9276333 3.4308946 3.8536305 3.4376173
 3.8575006 3.8681135 3.9933236 4.089314  3.912501  3.696947  3.695045
 3.936637  3.7431247 3.737947  3.5918045 3.852231  3.8440218 3.854992
 3.6897082 3.3994825 3.424388  3.382942  3.5739408 3.6069255 3.6178432
 3.3589118 3.458516  3.3237934 3.438906  3.5847378 3.3445206 3.150664
 3.4601016 3.5170581 3.5647187 3.303848  3.2381458 3.5443342 3.3266163
 3.3576057 3.379722  3.3637156 3.2590642 3.241085  3.4191031 3.2704115
 3.2098875 3.4704852 3.7714255 3.8583975 3.850417  3.5287914 3.7342973
 3.7486248 3.6858835 3.4422083 3.7651715 3.3994582 3.4090576 3.5511067
 3.5010674 3.6711416 3.7714252 3.6386416 3.9052942 3.9811263 3.6707096
 3.310338  3.3819923 3.662343  3.3224182 3.1969752 3.5309224 3.3121648
 3.4026093 3.1741595 3.362463  3.3082435 3.4243236 3.4505787 3.3941712
 3.4350073 3.3839917 3.9372773 3.4879723 3.589623  3.5014412 3.3424323
 3.7468662 3.8326817 3.485086  3.401215  3.5628715 3.3209634 4.0720525
 3.3797204 3.3182092 3.6389823 3.3996053 3.5931528 3.4288805 3.3445535
 3.6294146 3.325972  3.3885813 3.6527672 3.4858956 3.7776046 4.307285
 3.9963465 3.4862342 3.4373221 3.6713135 3.8738594 3.4725513 3.371637
 3.3751369 3.551008  3.7638443 3.786593  3.324708  3.3226552 3.4954355
 3.410348  3.313285  3.291928  3.5346954 3.477991  3.6284401 3.6696205
 3.6544023 3.3055959 3.3603792 3.541987  3.421252  3.505005  3.3887954
 3.3719292 3.2836113 3.327127  3.3685322 3.7387671 3.5318642 3.8999546
 3.7803633 3.961959  3.3904116 3.8241572 3.9395254 3.439828  3.7733886
 3.7094822 3.5161397 3.9084215 3.6407247 3.6333332 3.717308  3.859386
 3.4557266 3.962903  3.6253905 3.769752  3.4545732 3.8850732 3.4104738
 4.073302  4.565515  4.2021375 4.199123  3.7668533 3.9515529 3.2765393
 3.4557524 3.8646464 3.5018349 3.5518084 3.6257377 3.3522725 3.7513037
 3.7467022 3.7966213 3.7969437 3.9658396 3.5642247 3.5410142 3.6989303
 3.7091408 3.539727  3.5091484 3.6024222 3.4216003 3.7512999 3.7853384
 3.990412  3.5091343 3.3249152 3.6369762 3.8537765 3.6808999 3.5973604
 3.9196234 3.3624063 3.7601063 3.632817  3.830027  3.8008995 3.2365408
 3.6080747 3.09778   3.550458  3.3816571 3.5653749 3.7840335 3.7363925
 3.7764053 3.6528893 3.633476  3.527215  3.70028   3.224338  3.8444896
 3.289031  3.2983088 3.315987  3.4058437 3.3826306 3.2994275 3.3693345
 3.667414  3.5293028 3.6922154 3.2793741 3.5301726 3.8325953 3.5255735
 3.705079  3.975972  3.7437077 3.9501734 3.7207017 3.7758656 3.8231916
 3.574896  3.4246628 3.7984867 4.218766  3.4679518 3.9004433 4.297673
 4.0585337 3.3439085 3.3984218 3.763627  3.3367069 3.474824  3.8589835
 3.7850192 3.7594397 3.6349154 3.525936  3.1892438 3.445645  3.343564
 3.6899118 3.5909255 3.7762299 3.3778284 3.806275  3.5014977 3.378902
 3.815414  3.6886168 3.370053  3.5719252 3.304504  3.6131277 3.5263212
 3.4805763 3.1866927 3.1861749 3.3451376 3.5155559 3.6114907 3.4361005
 3.492889  3.7899942 3.3373647 3.219685  3.4280884 3.3305087 3.282323
 3.3099945 3.45507   3.2479136 3.1947863 3.5847368 3.573395  3.2721972
 3.2483106 3.4848166 3.3217592 3.42214   3.4703557 3.2934542 3.6968422
 3.6927574 3.5068958 3.8356714 3.6598163 3.5428839 3.8327584 3.636899
 3.635478  3.7963293 3.3510852 3.2942815 3.4128027 3.6158476 3.3889692
 3.3582096 3.5130563 3.4898434 3.6804585 3.2566075 3.2768435 3.8120565
 3.5007005 3.400995  3.7362356 3.7582388 3.7217226 3.1563573 3.2654777
 3.3435383 3.2528067 3.2706492 3.2361786 3.4233317 3.4310975 3.4947994
 3.7054596 3.881949  3.687244  4.1821527 3.8323512 3.5817924 3.2710335
 3.3867686 3.3735204 3.224162  3.1498542 3.1036363 3.2248597 3.272069
 3.272069  3.6662054 3.4833105 3.7489767 3.3686528 3.7780147 3.421672
 3.3736863 3.201661  3.5023713 3.0129814 3.0356092 3.1985338 3.5381076
 3.5936484 3.0129814 3.5777116 3.4523413 3.6673503 3.0129814 3.3553886
 3.5479033 3.6686625 3.690181  3.0268884 3.5100596 3.3297162 3.298654
 3.3227892 3.0713375 2.9244688 3.0129814 3.4438925 3.0129814 3.4727068
 3.4110966 3.5008147 3.8323417 3.0129814 2.930831  3.2852488 3.0892634
 3.0129814 3.2877293 3.119392  3.566515  3.1640418 3.5819097 3.3251445
 3.0268884 3.1860294 3.071782  3.1155624 2.9947097 2.9434276 3.4249463
 3.2196531 3.525949  3.550428  3.4716272 3.450139  3.2321348 3.4299927
 3.2991905 3.0017738 3.660579  3.2016425 3.3235245 3.224237  3.3026304
 3.4440188 3.6216683 3.1218157 3.128399  3.0752387 3.299779  3.3416748
 2.9605346 3.5240755 3.3273005 2.999457  3.0752387 3.4139118 3.380034
 3.009492  3.24454   4.0105085 3.849847  3.6919699 3.197763  3.7703485
 3.7973506 3.8278928 3.8604274 3.575663  3.3976884 3.488829  3.3979492
 3.168489  3.4615817 3.6218076 3.4889512 3.5106382 3.3583388 3.2650614
 3.309608  3.5237231 3.2999487 3.5542288 3.4992614 3.1911516 3.7020206
 3.8147073 3.6059463 3.5119894 3.693826  3.7414093 3.6589818 3.3538895
 3.5214942 3.3907638 3.3223758 3.0637937 3.2493734 3.1421862 3.259359
 3.6011224 3.2372746 3.4388275 3.718438  3.5049644 3.6347842 3.4207435
 3.8727527 3.6373236 3.3922906 3.4195716 3.6826515 3.7669706 3.8924325
 3.701044  3.937798  3.5132816 3.760037  3.8174443 3.8863244 4.011193
 3.7285113 3.5193214 3.57391   3.7285113 3.3835297 3.9440243 3.22043
 3.5739362 3.7561789 3.8421006 3.6296067 3.6548877 3.3136797 3.5599756
 3.3971663 4.0249233 3.6620026 3.7366948 3.8026216 3.4373922 3.1148472
 3.7743242 3.4100716 3.295977  3.395248  3.4020505 3.824312  3.2631524
 3.9802637 3.3103848 3.4950266 3.5185747 3.3735604 3.3303266 3.6412942
 3.140387  3.1439116 3.140387  3.6232433 3.406197  3.6458578 3.140387
 3.1546216 3.347117  3.6365476 3.683012  3.3414164 3.532864  3.624252
 3.6801186 3.5599823 3.695158  3.1761892 3.2266521 3.447183  3.8410568
 3.2625442 3.6155384 3.865657  3.972141  3.5362642 3.7794752 3.3659382
 3.250625  3.6443    3.407328  3.5553355 3.931609  3.6529012 4.219684
 3.2507424 3.337575  3.3831682 3.7211852 3.392301  3.78372   4.12127
 3.38114   3.5416307 3.7305036 3.3935902 3.4282322 3.3243263 3.272079
 3.6402895 3.6451674 3.4282506 3.257308  3.7543635 3.044807  3.3439996
 3.025207  3.1097143 3.0828915 3.400215  3.2090454 3.4289956 3.2315235
 3.229817  3.5987625 3.1091013 3.8819108 3.1699157 3.326542  3.2779331
 3.0220847 2.9295225 3.044807  3.044807  3.044807  2.9435768 3.0083804
 3.1091013 2.9435768 3.044807  3.044807  3.3641453 3.0155318 3.044807
 2.9398913 3.044807  3.2315235 2.9737005 2.9295225 2.9503627 3.2040873
 3.044807  3.044807  3.1885881 3.2294736 2.9922352 3.1698375 3.1687908
 3.1086698 3.467023  3.5655887 3.53017   3.7602262 3.2643898 3.361938
 3.655898  3.3884275 3.77531   3.4592505 3.0912476 3.5439415 3.935988
 4.020096  3.2253957 3.1322527 3.4511826 3.7237482 3.2271087 3.4263196
 3.1505456 3.3253713 3.6132112 3.5830054 3.291337  3.5211942 3.1611347
 3.7224836 4.0114617 3.3277528 3.47191   3.483101  3.701458  3.0959063
 3.0937865 3.451025  3.786265  3.561896  3.3959758 3.447823  3.857223
 3.3908095 3.5038106 3.447823  3.447823  3.447823  3.447823  3.551474
 3.9362507 3.447823  3.3686557 3.5915258 3.4782832 3.120059  3.447823
 3.583825  3.596215  3.447823  3.3008275 3.447823  3.5198946 3.3648205
 3.6506767 3.2610123 3.2975173 3.6138477 3.501534  3.4483166 3.8441784
 4.198225  3.926367  3.281405  3.4478188 3.2516077 3.1745398 3.1745398
 3.1745398 3.0522442 3.3615053 3.1466436 3.2255704 3.44811   4.239727
 4.568748  3.4346142 3.4346142 3.6665502 3.2284687 3.199032  3.3070433
 3.1750684 3.7121973]