Number of total signals to train: 1670
Number of total signals to test: 12
Number of train signals: 27
Number of testing signals: 12
tensor([[0.0000],
        [0.0166],
        [0.0000],
        [0.0179],
        [0.0666],
        [0.0284],
        [0.0523],
        [0.1015],
        [0.0479],
        [0.0000],
        [0.0000],
        [0.0696],
        [0.0175],
        [0.0722],
        [0.0886],
        [0.0497],
        [0.0052],
        [0.0902],
        [0.1178],
        [0.0000],
        [0.0000],
        [0.0000],
        [0.0737],
        [0.0427],
        [0.0000],
        [0.0983],
        [0.0000]], grad_fn=<ReluBackward0>)
tensor([[1.],
        [1.],
        [1.],
        [1.],
        [1.],
        [1.],
        [1.],
        [1.],
        [1.],
        [1.],
        [1.],
        [1.]])
Epoch: 001, Train_rmse: 3.5919, Test_rmse: 3.0414, LR: 0.0010000000
tensor([[0.3059],
        [0.3877],
        [0.3845],
        [0.3933],
        [0.4386],
        [0.3288],
        [0.4480],
        [0.5189],
        [0.4682],
        [0.4936],
        [0.5498],
        [0.4392],
        [0.2845],
        [0.3668],
        [0.4611],
        [0.2837],
        [0.1364],
        [0.5450],
        [0.2741],
        [0.5190],
        [0.3439],
        [0.5917],
        [0.3443],
        [0.6905],
        [0.5484],
        [0.5692],
        [0.4062]], grad_fn=<ReluBackward0>)
tensor([[1.0000],
        [1.0581],
        [1.0000],
        [1.0578],
        [1.0994],
        [1.0000],
        [1.5125],
        [1.0451],
        [1.0000],
        [1.0000],
        [1.0000],
        [1.0000]])
Epoch: 002, Train_rmse: 3.2165, Test_rmse: 2.9643, LR: 0.0010000000
tensor([[0.8160],
        [0.8717],
        [0.5573],
        [1.1479],
        [0.9646],
        [0.9148],
        [0.7324],
        [1.0837],
        [0.7333],
        [0.9692],
        [1.6134],
        [0.7741],
        [0.6371],
        [0.8137],
        [0.8804],
        [1.0034],
        [1.1905],
        [0.6756],
        [0.6829],
        [0.6402],
        [0.8684],
        [0.5745],
        [1.0761],
        [1.1174],
        [1.1378],
        [1.2509],
        [0.5636]], grad_fn=<ReluBackward0>)
tensor([[1.0000],
        [1.5208],
        [1.4189],
        [1.0000],
        [1.5902],
        [2.1828],
        [1.1071],
        [1.6226],
        [1.5157],
        [1.2004],
        [1.0000],
        [1.0000]])
Epoch: 003, Train_rmse: 2.7718, Test_rmse: 2.6666, LR: 0.0010000000
tensor([[1.2321],
        [1.0809],
        [1.1811],
        [0.9748],
        [0.9021],
        [2.7823],
        [1.6564],
        [1.1010],
        [1.5151],
        [2.0141],
        [1.2977],
        [1.0547],
        [1.7589],
        [1.1129],
        [1.3900],
        [1.6990],
        [2.1155],
        [1.4294],
        [1.7624],
        [1.7170],
        [1.0395],
        [1.8032],
        [1.8343],
        [1.1810],
        [1.4425],
        [1.3550],
        [0.8453]], grad_fn=<ReluBackward0>)
tensor([[2.0126],
        [1.1117],
        [1.1291],
        [1.4800],
        [2.9251],
        [1.1537],
        [2.1964],
        [2.1807],
        [2.0330],
        [1.0000],
        [1.8959],
        [1.6715]])
Epoch: 004, Train_rmse: 2.2792, Test_rmse: 2.2868, LR: 0.0010000000
tensor([[2.6365],
        [1.4573],
        [2.1436],
        [1.6928],
        [2.0097],
        [2.5561],
        [1.3400],
        [2.4179],
        [1.6847],
        [1.4802],
        [1.1455],
        [1.6856],
        [1.9655],
        [1.2547],
        [1.5274],
        [2.6071],
        [2.5427],
        [2.5023],
        [1.5798],
        [2.4122],
        [4.1931],
        [3.1404],
        [2.9873],
        [1.6250],
        [1.8366],
        [1.8963],
        [2.1050]], grad_fn=<ReluBackward0>)
tensor([[1.8710],
        [2.5377],
        [2.5721],
        [1.4477],
        [2.1733],
        [1.4282],
        [2.8159],
        [1.2054],
        [2.8084],
        [2.4011],
        [3.7226],
        [1.4139]])
Epoch: 005, Train_rmse: 1.7934, Test_rmse: 1.8529, LR: 0.0010000000
tensor([[1.9671],
        [1.9532],
        [3.1996],
        [2.6414],
        [2.3589],
        [5.8054],
        [2.5938],
        [3.2693],
        [2.4838],
        [1.7252],
        [1.6251],
        [2.1005],
        [3.6154],
        [2.8410],
        [1.8825],
        [3.3201],
        [4.2966],
        [4.0856],
        [2.1864],
        [3.5254],
        [2.0971],
        [1.4521],
        [3.3895],
        [3.4161],
        [2.8359],
        [2.2358],
        [2.4215]], grad_fn=<ReluBackward0>)
tensor([[2.8925],
        [1.7321],
        [1.7190],
        [3.4046],
        [2.2507],
        [3.4366],
        [2.6634],
        [3.0457],
        [1.4326],
        [3.0932],
        [1.7073],
        [4.4996]])
Epoch: 006, Train_rmse: 1.4607, Test_rmse: 1.4666, LR: 0.0010000000
tensor([[3.2712],
        [4.6429],
        [4.4224],
        [1.7509],
        [2.7905],
        [2.4032],
        [5.4645],
        [3.0087],
        [2.5655],
        [1.9917],
        [5.2031],
        [4.1354],
        [4.2322],
        [2.6790],
        [4.1457],
        [3.5361],
        [3.5893],
        [2.4268],
        [3.0727],
        [2.1074],
        [7.4448],
        [4.3011],
        [3.0426],
        [2.3036],
        [3.2249],
        [3.9948],
        [2.6227]], grad_fn=<ReluBackward0>)
tensor([[3.2666],
        [3.8514],
        [1.9600],
        [3.8982],
        [3.0379],
        [1.6277],
        [1.9468],
        [5.0000],
        [3.4860],
        [2.5478],
        [3.4265],
        [1.9669]])
Epoch: 007, Train_rmse: 1.4857, Test_rmse: 1.2123, LR: 0.0010000000
tensor([[2.4295],
        [3.5857],
        [4.7986],
        [6.3478],
        [8.6790],
        [2.6541],
        [2.9507],
        [3.0463],
        [5.4416],
        [4.9998],
        [5.1274],
        [3.7685],
        [4.1925],
        [2.3013],
        [3.2441],
        [4.8239],
        [2.0077],
        [2.7638],
        [4.0997],
        [3.5493],
        [6.0706],
        [4.6284],
        [4.9022],
        [3.0854],
        [3.7313],
        [2.8212],
        [3.4865]], grad_fn=<ReluBackward0>)
tensor([[2.0915],
        [1.7630],
        [2.1136],
        [3.6675],
        [3.2157],
        [4.0491],
        [2.1106],
        [2.7049],
        [5.0000],
        [3.4438],
        [3.5986],
        [4.0940]])
Epoch: 008, Train_rmse: 1.7452, Test_rmse: 1.0956, LR: 0.0010000000
tensor([[4.4012],
        [5.1730],
        [9.1861],
        [2.6333],
        [3.0597],
        [5.3485],
        [3.7548],
        [5.8128],
        [2.1837],
        [3.5007],
        [3.8643],
        [3.1790],
        [2.9811],
        [5.2458],
        [6.7244],
        [5.4759],
        [2.8697],
        [2.4995],
        [3.8129],
        [4.9572],
        [4.0268],
        [6.4716],
        [5.1285],
        [4.5126],
        [3.3254],
        [4.0029],
        [3.2832]], grad_fn=<ReluBackward0>)
tensor([[2.7362],
        [2.1726],
        [1.8353],
        [2.1743],
        [3.6674],
        [5.0000],
        [4.0344],
        [3.2221],
        [2.1457],
        [3.4497],
        [4.0653],
        [3.5927]])
Epoch: 009, Train_rmse: 1.9118, Test_rmse: 1.0698, LR: 0.0010000000
tensor([[6.4587],
        [3.1452],
        [6.6663],
        [2.7182],
        [5.2125],
        [3.8246],
        [9.0725],
        [5.3806],
        [3.8764],
        [4.0568],
        [4.0691],
        [2.9524],
        [3.9028],
        [3.3450],
        [5.1647],
        [3.4047],
        [3.2560],
        [5.2909],
        [4.5694],
        [3.0592],
        [3.5695],
        [5.0069],
        [5.8048],
        [2.5851],
        [2.2741],
        [5.5030],
        [4.4594]], grad_fn=<ReluBackward0>)
tensor([[1.8582],
        [3.8805],
        [2.1714],
        [5.0000],
        [3.3409],
        [3.1148],
        [3.8911],
        [3.4692],
        [3.5461],
        [2.1349],
        [2.1690],
        [2.6806]])
Epoch: 010, Train_rmse: 1.8996, Test_rmse: 1.1076, LR: 0.0010000000
tensor([[3.7508],
        [2.7132],
        [5.5417],
        [3.0341],
        [2.2965],
        [4.8601],
        [3.2821],
        [2.9354],
        [3.2212],
        [5.0370],
        [3.5029],
        [3.9567],
        [6.3224],
        [8.5532],
        [5.3078],
        [3.7962],
        [5.1934],
        [4.3455],
        [4.4405],
        [3.1165],
        [6.1663],
        [3.3653],
        [3.9608],
        [4.9961],
        [5.1272],
        [3.7763],
        [2.5849]], grad_fn=<ReluBackward0>)
tensor([[2.5730],
        [2.1276],
        [2.1235],
        [2.0835],
        [4.6639],
        [3.3550],
        [3.1662],
        [2.9437],
        [1.8473],
        [3.6371],
        [3.2786],
        [3.6481]])
Epoch: 011, Train_rmse: 1.7562, Test_rmse: 1.1987, LR: 0.0010000000
tensor([[3.1142],
        [4.5929],
        [3.1424],
        [3.2497],
        [2.8533],
        [4.7330],
        [2.5283],
        [3.5868],
        [4.9792],
        [4.7038],
        [5.7121],
        [3.5530],
        [7.8087],
        [4.1988],
        [3.0141],
        [3.3521],
        [3.7611],
        [2.2724],
        [5.8182],
        [4.8366],
        [2.9423],
        [4.8751],
        [4.1260],
        [5.1324],
        [3.6265],
        [2.6492],
        [3.7620]], grad_fn=<ReluBackward0>)
tensor([[3.3523],
        [3.1329],
        [2.0122],
        [4.2833],
        [2.9628],
        [2.7468],
        [2.0560],
        [3.3831],
        [1.8170],
        [2.4413],
        [2.0620],
        [3.0595]])
Epoch: 012, Train_rmse: 1.5527, Test_rmse: 1.3306, LR: 0.0010000000
tensor([[2.4408],
        [2.8147],
        [3.3765],
        [2.8722],
        [3.9031],
        [4.3523],
        [3.0936],
        [2.5532],
        [3.5177],
        [4.5879],
        [4.2667],
        [5.2500],
        [3.1592],
        [3.8550],
        [2.2209],
        [3.5211],
        [4.6619],
        [3.4116],
        [3.2874],
        [5.1879],
        [2.9683],
        [2.9652],
        [4.3694],
        [4.4847],
        [4.4954],
        [6.9763],
        [2.7355]], grad_fn=<ReluBackward0>)
tensor([[2.8411],
        [1.9373],
        [3.1200],
        [2.3072],
        [3.0733],
        [3.9071],
        [1.9906],
        [1.7798],
        [2.9100],
        [2.5526],
        [2.7593],
        [1.9830]])
Epoch: 013, Train_rmse: 1.3573, Test_rmse: 1.4802, LR: 0.0010000000
tensor([[2.4473],
        [3.5993],
        [2.8111],
        [2.7819],
        [4.1940],
        [3.1550],
        [3.2720],
        [4.6631],
        [4.6895],
        [4.1885],
        [2.9263],
        [3.9995],
        [2.7189],
        [2.3435],
        [3.5748],
        [3.9297],
        [3.1867],
        [2.1589],
        [4.1229],
        [2.6768],
        [3.0211],
        [6.1579],
        [4.1087],
        [3.2680],
        [3.9922],
        [2.9578],
        [2.6065]], grad_fn=<ReluBackward0>)
tensor([[3.5679],
        [2.8255],
        [2.1873],
        [1.7462],
        [2.7085],
        [1.8715],
        [2.8838],
        [1.9260],
        [1.9174],
        [2.5767],
        [2.3815],
        [2.6450]])
Epoch: 014, Train_rmse: 1.2241, Test_rmse: 1.6244, LR: 0.0010000000
tensor([[2.5485],
        [3.8215],
        [3.6617],
        [3.6181],
        [2.9786],
        [2.7727],
        [2.6640],
        [3.6606],
        [3.0400],
        [2.4858],
        [4.1870],
        [3.0431],
        [2.9492],
        [2.2533],
        [3.7893],
        [3.7735],
        [5.4237],
        [2.5759],
        [2.1003],
        [4.1868],
        [2.6154],
        [2.7702],
        [3.7546],
        [2.7837],
        [3.3208],
        [3.3169],
        [2.3491]], grad_fn=<ReluBackward0>)
tensor([[3.2865],
        [2.2462],
        [2.0928],
        [2.4856],
        [1.7242],
        [1.8238],
        [2.6250],
        [2.4289],
        [2.5434],
        [2.6906],
        [1.8687],
        [1.8779]])
Epoch: 015, Train_rmse: 1.1755, Test_rmse: 1.7455, LR: 0.0010000000
tensor([[2.6208],
        [3.4269],
        [2.6414],
        [2.8523],
        [2.4814],
        [2.7774],
        [3.4584],
        [3.0896],
        [2.4586],
        [2.8534],
        [3.5092],
        [4.8143],
        [2.2711],
        [2.4440],
        [2.3874],
        [3.5130],
        [3.3807],
        [3.3557],
        [2.5930],
        [3.3818],
        [3.1022],
        [2.1823],
        [2.5424],
        [2.0555],
        [3.7714],
        [2.8057],
        [3.7895]], grad_fn=<ReluBackward0>)
tensor([[2.4792],
        [1.8522],
        [2.3706],
        [2.4230],
        [1.7195],
        [2.5487],
        [2.0304],
        [2.1531],
        [1.7997],
        [1.8429],
        [3.0733],
        [2.3233]])
Epoch: 016, Train_rmse: 1.1925, Test_rmse: 1.8332, LR: 0.0010000000
tensor([[2.9167],
        [2.3879],
        [3.2764],
        [3.1653],
        [2.6502],
        [2.5110],
        [2.6780],
        [3.4551],
        [3.1554],
        [2.0315],
        [3.2956],
        [3.2329],
        [4.3452],
        [2.9419],
        [3.4840],
        [2.5494],
        [2.3198],
        [2.7130],
        [2.7147],
        [2.3761],
        [2.3719],
        [3.1685],
        [2.2210],
        [3.1685],
        [2.4572],
        [2.1378],
        [2.4557]], grad_fn=<ReluBackward0>)
tensor([[1.8522],
        [2.3024],
        [2.4602],
        [1.7352],
        [2.1031],
        [2.3501],
        [2.9309],
        [2.3889],
        [2.2624],
        [2.0023],
        [1.8428],
        [1.8014]])
Epoch: 017, Train_rmse: 1.2368, Test_rmse: 1.8831, LR: 0.0010000000
tensor([[2.5713],
        [2.2022],
        [2.4984],
        [3.1153],
        [4.0139],
        [2.6250],
        [2.5992],
        [3.0240],
        [3.2373],
        [3.0811],
        [2.3321],
        [2.0322],
        [3.2714],
        [3.1527],
        [2.1233],
        [2.4464],
        [2.8050],
        [2.6303],
        [2.3361],
        [2.2870],
        [2.9886],
        [2.8396],
        [3.0216],
        [2.4079],
        [2.3374],
        [2.3768],
        [3.0277]], grad_fn=<ReluBackward0>)
tensor([[2.4234],
        [1.8292],
        [2.3514],
        [2.3238],
        [1.8784],
        [1.8691],
        [2.2796],
        [1.7726],
        [2.0945],
        [2.8565],
        [2.2449],
        [2.0083]])
Epoch: 018, Train_rmse: 1.2765, Test_rmse: 1.8948, LR: 0.0010000000
tensor([[2.9524],
        [2.3286],
        [2.5686],
        [2.7936],
        [2.0585],
        [2.4259],
        [2.9998],
        [3.1098],
        [2.5882],
        [3.1453],
        [2.5405],
        [2.3368],
        [2.9462],
        [3.0268],
        [2.1391],
        [2.2151],
        [2.5974],
        [2.7524],
        [3.8082],
        [2.4884],
        [2.2895],
        [2.8899],
        [3.0783],
        [2.9549],
        [2.3269],
        [2.3995],
        [2.3482]], grad_fn=<ReluBackward0>)
tensor([[2.3411],
        [1.8817],
        [2.2989],
        [2.0463],
        [2.2679],
        [1.8311],
        [1.9208],
        [2.4341],
        [2.1237],
        [1.9301],
        [2.8446],
        [2.3618]])
Epoch: 019, Train_rmse: 1.2946, Test_rmse: 1.8707, LR: 0.0010000000
tensor([[3.0963],
        [2.3583],
        [2.6119],
        [2.9430],
        [2.4285],
        [2.2582],
        [2.4463],
        [2.5174],
        [3.7122],
        [2.5828],
        [2.1838],
        [2.7539],
        [2.3583],
        [2.5544],
        [2.9439],
        [2.8600],
        [2.3257],
        [2.3658],
        [2.9293],
        [2.9827],
        [3.0670],
        [2.1097],
        [2.3720],
        [2.7999],
        [2.5985],
        [3.0044],
        [3.0615]], grad_fn=<ReluBackward0>)
tensor([[2.3975],
        [2.4145],
        [1.9096],
        [2.4873],
        [1.9570],
        [2.1132],
        [2.3560],
        [2.1863],
        [2.3272],
        [2.0053],
        [1.9960],
        [2.8883]])
Epoch: 020, Train_rmse: 1.2857, Test_rmse: 1.8143, LR: 0.0001000000
tensor([[2.9870],
        [2.4387],
        [2.6371],
        [2.4233],
        [2.9870],
        [2.4230],
        [2.4914],
        [3.1138],
        [2.8888],
        [2.2547],
        [2.3287],
        [2.8529],
        [2.6683],
        [2.5032],
        [2.3927],
        [2.5818],
        [3.7094],
        [2.4222],
        [2.6506],
        [2.1838],
        [3.0220],
        [2.8033],
        [3.0404],
        [2.6087],
        [3.0809],
        [2.9664],
        [3.1117]], grad_fn=<ReluBackward0>)
tensor([[2.4172],
        [2.3756],
        [1.9309],
        [2.5082],
        [2.0170],
        [2.9100],
        [2.2054],
        [1.9778],
        [2.0263],
        [2.3466],
        [2.4337],
        [2.1334]])
Epoch: 021, Train_rmse: 1.2512, Test_rmse: 1.7957, LR: 0.0001000000
tensor([[2.3381],
        [2.4322],
        [2.8123],
        [2.9746],
        [2.8621],
        [2.5912],
        [2.1931],
        [3.0307],
        [2.9959],
        [2.6593],
        [2.6775],
        [2.9959],
        [2.4324],
        [2.6459],
        [2.4019],
        [3.7168],
        [3.0489],
        [2.6176],
        [2.5006],
        [2.5119],
        [3.1209],
        [2.2640],
        [2.4480],
        [3.0884],
        [2.8965],
        [3.1211],
        [2.4314]], grad_fn=<ReluBackward0>)
tensor([[2.9357],
        [2.0487],
        [2.5320],
        [2.0393],
        [1.9533],
        [1.9999],
        [2.4558],
        [2.1554],
        [2.2268],
        [2.3685],
        [2.4396],
        [2.3978]])
Epoch: 022, Train_rmse: 1.2456, Test_rmse: 1.7750, LR: 0.0001000000
tensor([[2.4597],
        [2.4443],
        [3.0088],
        [2.2041],
        [2.6032],
        [2.4135],
        [3.1007],
        [3.0617],
        [2.4440],
        [3.0088],
        [2.6294],
        [2.5234],
        [2.6577],
        [3.1343],
        [2.9869],
        [2.5123],
        [2.8748],
        [3.1331],
        [3.0436],
        [2.6897],
        [3.7309],
        [2.6711],
        [2.9084],
        [2.3494],
        [2.4431],
        [2.2752],
        [2.8248]], grad_fn=<ReluBackward0>)
tensor([[2.0233],
        [2.3925],
        [2.4804],
        [2.4222],
        [2.0629],
        [2.4644],
        [2.5583],
        [1.9767],
        [2.9649],
        [2.2501],
        [2.0724],
        [2.1791]])
Epoch: 023, Train_rmse: 1.2383, Test_rmse: 1.7524, LR: 0.0001000000
tensor([[3.0784],
        [2.4734],
        [3.1172],
        [2.5372],
        [2.8906],
        [3.0028],
        [2.7046],
        [2.6439],
        [3.1495],
        [3.7510],
        [2.4579],
        [3.1515],
        [3.0602],
        [2.5263],
        [2.6177],
        [2.2881],
        [2.4571],
        [2.9240],
        [2.3626],
        [2.4270],
        [3.0252],
        [3.0253],
        [2.4587],
        [2.6857],
        [2.6721],
        [2.8405],
        [2.2166]], grad_fn=<ReluBackward0>)
tensor([[2.0876],
        [2.4184],
        [2.2041],
        [2.2750],
        [2.9972],
        [2.0009],
        [2.5073],
        [2.0970],
        [2.0475],
        [2.4485],
        [2.4912],
        [2.5868]])
Epoch: 024, Train_rmse: 1.2293, Test_rmse: 1.7282, LR: 0.0001000000
tensor([[2.7220],
        [3.1376],
        [2.6608],
        [2.6342],
        [2.4424],
        [2.4738],
        [2.9429],
        [2.5532],
        [2.3773],
        [2.7027],
        [3.0985],
        [3.1719],
        [2.9092],
        [2.5422],
        [2.6889],
        [2.8590],
        [2.4889],
        [2.3025],
        [3.1697],
        [3.0450],
        [3.0801],
        [3.0218],
        [2.2304],
        [3.0448],
        [3.7764],
        [2.4753],
        [2.4730]], grad_fn=<ReluBackward0>)
tensor([[2.4765],
        [2.4459],
        [2.0726],
        [2.1225],
        [2.5360],
        [2.5197],
        [2.6172],
        [3.0320],
        [2.2303],
        [2.0257],
        [2.3014],
        [2.1130]])
Epoch: 025, Train_rmse: 1.2191, Test_rmse: 1.7027, LR: 0.0001000000
tensor([[3.1933],
        [2.4906],
        [2.5599],
        [3.0675],
        [2.9648],
        [2.4593],
        [3.1614],
        [2.9303],
        [3.0672],
        [3.8066],
        [3.1953],
        [2.2454],
        [2.7077],
        [2.7415],
        [2.6525],
        [2.6798],
        [2.4914],
        [2.5061],
        [3.1216],
        [2.4940],
        [2.3935],
        [2.8800],
        [2.7218],
        [2.3182],
        [3.0437],
        [3.1029],
        [2.5711]], grad_fn=<ReluBackward0>)
tensor([[2.1392],
        [2.3289],
        [2.1487],
        [2.4747],
        [3.0691],
        [2.5058],
        [2.5664],
        [2.0510],
        [2.5496],
        [2.2574],
        [2.0983],
        [2.6492]])
Epoch: 026, Train_rmse: 1.2078, Test_rmse: 1.6762, LR: 0.0001000000
tensor([[2.9033],
        [2.7284],
        [2.5246],
        [2.5144],
        [2.4108],
        [3.1881],
        [2.7629],
        [3.2199],
        [2.3351],
        [3.2212],
        [2.6724],
        [3.0920],
        [2.7429],
        [3.1474],
        [3.0925],
        [3.8409],
        [2.5792],
        [2.5098],
        [2.7007],
        [2.2614],
        [2.4776],
        [3.1283],
        [3.0680],
        [2.5106],
        [2.9893],
        [2.5906],
        [2.9535]], grad_fn=<ReluBackward0>)
tensor([[2.2853],
        [2.6825],
        [2.5807],
        [2.5046],
        [2.1245],
        [2.3575],
        [3.1081],
        [2.1754],
        [2.5981],
        [2.0766],
        [2.1658],
        [2.5362]])
Epoch: 027, Train_rmse: 1.1957, Test_rmse: 1.6488, LR: 0.0001000000
tensor([[3.1196],
        [2.5302],
        [2.9284],
        [3.1755],
        [2.7506],
        [2.9785],
        [3.0945],
        [3.2175],
        [2.2782],
        [2.7231],
        [2.4971],
        [2.5444],
        [2.7859],
        [2.6938],
        [2.7655],
        [3.1560],
        [3.1191],
        [2.5310],
        [3.8790],
        [2.5998],
        [3.0160],
        [2.4293],
        [2.6116],
        [3.2494],
        [2.5363],
        [3.2491],
        [2.3530]], grad_fn=<ReluBackward0>)
tensor([[2.1510],
        [2.6309],
        [2.3867],
        [2.1024],
        [2.2025],
        [2.7168],
        [2.3137],
        [2.5354],
        [2.5675],
        [2.1929],
        [3.1486],
        [2.6128]])
Epoch: 028, Train_rmse: 1.1830, Test_rmse: 1.6208, LR: 0.0001000000
tensor([[3.1856],
        [2.7163],
        [2.5519],
        [3.1486],
        [2.4486],
        [2.5652],
        [2.2957],
        [3.1229],
        [2.7742],
        [2.5176],
        [3.2796],
        [2.7896],
        [3.1480],
        [3.0447],
        [2.7470],
        [3.9202],
        [3.2806],
        [2.5526],
        [2.3718],
        [2.6339],
        [2.5596],
        [3.2056],
        [3.2491],
        [2.8104],
        [2.6215],
        [2.9552],
        [3.0052]], grad_fn=<ReluBackward0>)
tensor([[2.1777],
        [2.3426],
        [2.1284],
        [2.4166],
        [2.2298],
        [2.6456],
        [2.2201],
        [2.7520],
        [3.1903],
        [2.5668],
        [2.5995],
        [2.6645]])
Epoch: 029, Train_rmse: 1.1699, Test_rmse: 1.5923, LR: 0.0001000000
tensor([[2.5751],
        [3.1528],
        [2.3139],
        [3.2168],
        [2.5840],
        [3.3113],
        [2.3913],
        [2.8149],
        [3.1785],
        [2.7399],
        [2.5390],
        [2.4687],
        [2.6442],
        [2.9833],
        [3.9641],
        [3.2827],
        [2.8360],
        [2.6571],
        [3.2374],
        [2.5869],
        [2.5744],
        [3.1791],
        [3.3140],
        [2.7719],
        [3.0751],
        [3.0333],
        [2.7989]], grad_fn=<ReluBackward0>)
tensor([[2.6319],
        [2.7877],
        [3.2330],
        [2.6789],
        [2.2572],
        [2.4468],
        [2.3717],
        [2.5987],
        [2.2475],
        [2.2045],
        [2.6987],
        [2.1544]])
Epoch: 030, Train_rmse: 1.1566, Test_rmse: 1.5636, LR: 0.0001000000
tensor([[3.2102],
        [2.6093],
        [3.3445],
        [2.6813],
        [2.6094],
        [3.1069],
        [3.1841],
        [2.3326],
        [2.5978],
        [2.5984],
        [3.3178],
        [3.3490],
        [2.8246],
        [3.2705],
        [2.4894],
        [4.0104],
        [2.7642],
        [3.2110],
        [3.0127],
        [2.5610],
        [2.8412],
        [3.2495],
        [2.8626],
        [3.0624],
        [2.6677],
        [2.7979],
        [2.4113]], grad_fn=<ReluBackward0>)
tensor([[2.6309],
        [2.2313],
        [2.4773],
        [2.7334],
        [2.6646],
        [2.1802],
        [2.8238],
        [3.2763],
        [2.2748],
        [2.4010],
        [2.7125],
        [2.2845]])
Epoch: 031, Train_rmse: 1.1434, Test_rmse: 1.5347, LR: 0.0000100000
tensor([[2.6323],
        [3.3049],
        [2.8510],
        [3.2439],
        [2.6918],
        [3.2832],
        [2.7061],
        [2.5105],
        [3.0925],
        [2.6218],
        [4.0585],
        [3.3787],
        [2.8899],
        [3.2431],
        [3.3543],
        [3.0429],
        [3.3853],
        [3.1398],
        [2.6354],
        [3.2164],
        [2.8682],
        [2.3516],
        [2.6222],
        [2.5836],
        [2.8246],
        [2.7892],
        [2.4318]], grad_fn=<ReluBackward0>)
tensor([[2.8355],
        [2.7231],
        [2.2412],
        [2.2849],
        [2.6751],
        [2.4111],
        [2.2946],
        [2.7440],
        [2.1902],
        [2.4871],
        [3.2895],
        [2.6411]])
Epoch: 032, Train_rmse: 1.1304, Test_rmse: 1.5252, LR: 0.0000100000
tensor([[2.6347],
        [2.5127],
        [2.7918],
        [2.6247],
        [3.3822],
        [3.0956],
        [2.8273],
        [2.8927],
        [3.3084],
        [2.3535],
        [3.0460],
        [3.2866],
        [2.8537],
        [2.6242],
        [2.6942],
        [3.2465],
        [2.7086],
        [3.3890],
        [2.5859],
        [2.4339],
        [3.3581],
        [2.6381],
        [2.8710],
        [3.1431],
        [4.0635],
        [3.2473],
        [3.2197]], grad_fn=<ReluBackward0>)
tensor([[2.7332],
        [3.3022],
        [2.8466],
        [2.3042],
        [2.4207],
        [2.2944],
        [2.6851],
        [2.1997],
        [2.7541],
        [2.6509],
        [2.4965],
        [2.2507]])
Epoch: 033, Train_rmse: 1.1292, Test_rmse: 1.5162, LR: 0.0000100000
tensor([[2.4360],
        [2.6267],
        [3.3619],
        [3.2499],
        [2.8301],
        [2.7112],
        [3.2902],
        [2.6408],
        [2.5882],
        [2.5148],
        [2.6370],
        [3.2507],
        [2.8738],
        [3.3119],
        [3.3928],
        [3.0987],
        [2.8956],
        [3.1466],
        [4.0685],
        [2.3555],
        [2.7944],
        [3.3858],
        [3.0492],
        [3.2231],
        [2.6967],
        [2.6271],
        [2.8564]], grad_fn=<ReluBackward0>)
tensor([[2.6946],
        [2.3035],
        [2.3132],
        [2.7428],
        [2.2597],
        [3.3144],
        [2.6603],
        [2.7638],
        [2.4299],
        [2.5055],
        [2.8573],
        [2.2087]])
Epoch: 034, Train_rmse: 1.1279, Test_rmse: 1.5076, LR: 0.0000100000
tensor([[3.2937],
        [2.6435],
        [2.8985],
        [2.8766],
        [4.0737],
        [2.7970],
        [3.1501],
        [2.6296],
        [2.8592],
        [3.0524],
        [3.3156],
        [2.7138],
        [3.2542],
        [2.5906],
        [3.2265],
        [3.3658],
        [2.6394],
        [2.4381],
        [2.5170],
        [2.3574],
        [2.6292],
        [3.2534],
        [3.3894],
        [3.1019],
        [2.6992],
        [2.8329],
        [3.3967]], grad_fn=<ReluBackward0>)
tensor([[2.6692],
        [2.4386],
        [2.3120],
        [2.2682],
        [2.7731],
        [2.8675],
        [3.3260],
        [2.5140],
        [2.7037],
        [2.7520],
        [2.2172],
        [2.3218]])
Epoch: 035, Train_rmse: 1.1265, Test_rmse: 1.4994, LR: 0.0000100000
tensor([[3.3697],
        [2.7996],
        [3.1051],
        [3.4007],
        [3.2569],
        [3.2577],
        [2.8795],
        [2.6463],
        [3.3193],
        [2.7018],
        [2.6418],
        [2.6317],
        [2.8357],
        [3.2974],
        [2.3594],
        [3.2300],
        [3.1536],
        [4.0790],
        [2.5193],
        [2.7164],
        [2.5930],
        [3.3931],
        [2.8620],
        [2.4402],
        [2.6321],
        [2.9014],
        [3.0556]], grad_fn=<ReluBackward0>)
tensor([[2.6777],
        [2.3202],
        [2.2252],
        [3.3372],
        [2.4469],
        [2.7608],
        [2.2762],
        [2.7820],
        [2.3300],
        [2.5221],
        [2.8772],
        [2.7124]])
Epoch: 036, Train_rmse: 1.1252, Test_rmse: 1.4916, LR: 0.0000100000
tensor([[2.6343],
        [2.8386],
        [2.6443],
        [2.6491],
        [2.3614],
        [3.0589],
        [2.8824],
        [3.1083],
        [2.6347],
        [2.8023],
        [2.9043],
        [3.2613],
        [2.8648],
        [3.4046],
        [3.3737],
        [2.5215],
        [2.5954],
        [3.2335],
        [3.2605],
        [2.4424],
        [2.7191],
        [3.3010],
        [4.0843],
        [2.7044],
        [3.1572],
        [3.3230],
        [3.3968]], grad_fn=<ReluBackward0>)
tensor([[2.3377],
        [3.3478],
        [2.8864],
        [2.7904],
        [2.7692],
        [2.2838],
        [2.5299],
        [2.3279],
        [2.2328],
        [2.7206],
        [2.6858],
        [2.4548]])
Epoch: 037, Train_rmse: 1.1239, Test_rmse: 1.4842, LR: 0.0000100000
tensor([[3.2649],
        [3.1116],
        [2.5238],
        [2.8854],
        [2.8677],
        [3.3778],
        [2.5978],
        [2.4446],
        [3.1609],
        [3.0622],
        [2.8415],
        [3.2371],
        [2.7218],
        [2.9073],
        [3.2641],
        [2.6519],
        [2.6468],
        [2.6369],
        [3.3268],
        [2.7070],
        [3.4087],
        [3.4006],
        [4.0898],
        [2.6373],
        [2.8050],
        [2.3634],
        [3.3048]], grad_fn=<ReluBackward0>)
tensor([[2.7985],
        [2.5372],
        [2.7772],
        [2.7285],
        [2.8952],
        [2.3351],
        [2.4622],
        [2.2910],
        [2.6935],
        [2.3450],
        [2.2399],
        [3.3580]])
Epoch: 038, Train_rmse: 1.1225, Test_rmse: 1.4772, LR: 0.0000100000
tensor([[2.6395],
        [2.6493],
        [2.6002],
        [2.8444],
        [3.2686],
        [2.3654],
        [2.8884],
        [3.3306],
        [3.4044],
        [3.1150],
        [2.4468],
        [2.6548],
        [2.5260],
        [2.7245],
        [3.1646],
        [3.0656],
        [4.0953],
        [2.6399],
        [3.3819],
        [3.2677],
        [3.3085],
        [2.7096],
        [2.9103],
        [2.8706],
        [2.8077],
        [3.2407],
        [3.4128]], grad_fn=<ReluBackward0>)
tensor([[2.8062],
        [2.7360],
        [2.2978],
        [3.3677],
        [2.4693],
        [2.9036],
        [2.7008],
        [2.3519],
        [2.5443],
        [2.3420],
        [2.2467],
        [2.7848]])
Epoch: 039, Train_rmse: 1.1212, Test_rmse: 1.4705, LR: 0.0000100000
tensor([[2.7122],
        [3.2443],
        [3.1683],
        [3.1183],
        [2.8735],
        [2.6421],
        [3.3123],
        [3.4082],
        [4.1008],
        [2.3675],
        [2.6027],
        [3.4169],
        [3.3861],
        [2.5283],
        [2.6518],
        [2.6577],
        [2.8105],
        [2.6425],
        [2.7272],
        [3.0690],
        [2.8474],
        [3.2714],
        [2.9133],
        [2.8914],
        [2.4490],
        [3.3345],
        [3.2723]], grad_fn=<ReluBackward0>)
tensor([[2.3584],
        [2.5509],
        [2.3043],
        [2.7079],
        [2.9116],
        [2.7431],
        [2.3485],
        [2.2530],
        [2.4760],
        [2.8136],
        [2.7921],
        [3.3771]])
Epoch: 040, Train_rmse: 1.1199, Test_rmse: 1.4642, LR: 0.0000100000
tensor([[2.6448],
        [2.8132],
        [4.1065],
        [3.3903],
        [3.0724],
        [2.6543],
        [2.8504],
        [3.4121],
        [3.3162],
        [3.2752],
        [2.6606],
        [3.2760],
        [2.3695],
        [2.8944],
        [3.4211],
        [2.8765],
        [2.6052],
        [2.9164],
        [2.6451],
        [2.7300],
        [3.3384],
        [3.1721],
        [2.4512],
        [2.5306],
        [2.7149],
        [3.2480],
        [3.1217]], grad_fn=<ReluBackward0>)
tensor([[2.7990],
        [2.3646],
        [2.7499],
        [2.4824],
        [2.2591],
        [2.5573],
        [3.3860],
        [2.9192],
        [2.8206],
        [2.3104],
        [2.7145],
        [2.3547]])
Epoch: 041, Train_rmse: 1.1185, Test_rmse: 1.4581, LR: 0.0000100000
tensor([[3.4254],
        [2.7176],
        [2.8795],
        [3.3946],
        [3.2798],
        [2.3716],
        [3.2517],
        [2.8975],
        [4.1122],
        [3.3424],
        [2.6636],
        [2.5330],
        [2.8160],
        [2.8534],
        [3.0758],
        [3.2789],
        [3.1759],
        [2.6568],
        [2.6478],
        [3.3200],
        [2.6077],
        [2.9195],
        [3.4160],
        [3.1251],
        [2.6475],
        [2.4535],
        [2.7328]], grad_fn=<ReluBackward0>)
tensor([[2.2648],
        [2.8056],
        [2.3705],
        [2.4884],
        [2.3161],
        [2.8274],
        [2.7564],
        [2.3606],
        [2.7209],
        [3.3945],
        [2.9265],
        [2.5634]])
Epoch: 042, Train_rmse: 1.1172, Test_rmse: 1.4524, LR: 0.0000010000
tensor([[3.3239],
        [3.2836],
        [4.1179],
        [3.2827],
        [2.6102],
        [3.4200],
        [2.6594],
        [3.4296],
        [2.5353],
        [3.1797],
        [2.8564],
        [2.7356],
        [3.3463],
        [3.0793],
        [2.7203],
        [2.4557],
        [2.8188],
        [2.6665],
        [3.2555],
        [2.6501],
        [2.9226],
        [3.1286],
        [2.3736],
        [3.3989],
        [2.8825],
        [2.6504],
        [2.9005]], grad_fn=<ReluBackward0>)
tensor([[2.7245],
        [2.3741],
        [2.9306],
        [2.7601],
        [2.3198],
        [2.4921],
        [2.5668],
        [2.8311],
        [2.8093],
        [3.3992],
        [2.2684],
        [2.3642]])
Epoch: 043, Train_rmse: 1.1158, Test_rmse: 1.4491, LR: 0.0000010000
tensor([[3.3467],
        [3.1801],
        [2.7205],
        [3.1289],
        [2.4559],
        [3.2831],
        [2.8191],
        [2.7359],
        [2.9008],
        [3.2558],
        [3.0796],
        [2.8567],
        [3.3243],
        [2.9229],
        [3.4300],
        [3.4204],
        [2.6104],
        [2.6668],
        [2.6596],
        [3.2839],
        [2.6504],
        [2.8828],
        [2.3738],
        [2.6507],
        [4.1185],
        [3.3993],
        [2.5355]], grad_fn=<ReluBackward0>)
tensor([[2.3775],
        [2.4954],
        [2.9344],
        [2.8345],
        [2.7635],
        [2.2718],
        [2.5700],
        [2.7278],
        [2.3676],
        [3.4035],
        [2.8127],
        [2.3231]])
Epoch: 044, Train_rmse: 1.1157, Test_rmse: 1.4460, LR: 0.0000010000
tensor([[2.6507],
        [2.3740],
        [3.4208],
        [3.1805],
        [2.7361],
        [2.6671],
        [2.9232],
        [3.2562],
        [3.3471],
        [2.6599],
        [4.1191],
        [2.7208],
        [3.2835],
        [2.6107],
        [2.9012],
        [3.3247],
        [3.2843],
        [2.6510],
        [2.8831],
        [2.5358],
        [3.4305],
        [3.0800],
        [3.3997],
        [2.8570],
        [2.4562],
        [2.8194],
        [3.1293]], grad_fn=<ReluBackward0>)
tensor([[2.3706],
        [2.3805],
        [2.9379],
        [2.3261],
        [2.7309],
        [3.4074],
        [2.7666],
        [2.2749],
        [2.8158],
        [2.5730],
        [2.8376],
        [2.4985]])
Epoch: 045, Train_rmse: 1.1155, Test_rmse: 1.4432, LR: 0.0000010000
tensor([[3.1808],
        [3.4002],
        [2.8834],
        [2.6510],
        [3.2566],
        [3.2839],
        [3.4309],
        [2.7364],
        [2.9015],
        [3.1296],
        [2.7211],
        [2.9235],
        [2.6602],
        [3.3475],
        [3.3251],
        [2.4564],
        [4.1196],
        [2.8573],
        [2.6674],
        [3.4212],
        [3.0803],
        [2.3743],
        [2.6512],
        [2.6109],
        [3.2847],
        [2.5360],
        [2.8197]], grad_fn=<ReluBackward0>)
tensor([[2.8187],
        [2.9412],
        [2.7337],
        [2.5013],
        [2.7695],
        [2.8405],
        [2.3834],
        [2.3734],
        [3.4111],
        [2.3289],
        [2.2777],
        [2.5757]])
Epoch: 046, Train_rmse: 1.1154, Test_rmse: 1.4406, LR: 0.0000010000
tensor([[2.8837],
        [3.2851],
        [3.1300],
        [3.0807],
        [4.1202],
        [3.4006],
        [2.8576],
        [2.7214],
        [3.3255],
        [3.4314],
        [3.2843],
        [2.4566],
        [2.3745],
        [2.7367],
        [2.6512],
        [3.1812],
        [3.3480],
        [3.2570],
        [2.6604],
        [3.4216],
        [2.9018],
        [2.6515],
        [2.6112],
        [2.9238],
        [2.6677],
        [2.5362],
        [2.8200]], grad_fn=<ReluBackward0>)
tensor([[2.2803],
        [2.5782],
        [2.3315],
        [2.8431],
        [2.7363],
        [2.5039],
        [3.4144],
        [2.9441],
        [2.7721],
        [2.3760],
        [2.8214],
        [2.3860]])
Epoch: 047, Train_rmse: 1.1153, Test_rmse: 1.4382, LR: 0.0000010000
tensor([[2.7370],
        [2.9021],
        [2.9242],
        [3.1816],
        [3.2846],
        [2.5365],
        [3.1303],
        [2.4569],
        [2.6518],
        [3.3259],
        [2.8579],
        [3.0811],
        [2.6114],
        [2.6607],
        [3.4318],
        [3.3484],
        [4.1208],
        [2.6680],
        [2.8203],
        [2.7216],
        [3.2574],
        [2.6515],
        [2.3747],
        [2.8840],
        [3.4010],
        [3.2855],
        [3.4220]], grad_fn=<ReluBackward0>)
tensor([[2.2827],
        [2.8238],
        [3.4175],
        [2.9469],
        [2.8456],
        [2.7745],
        [2.3784],
        [2.7387],
        [2.5804],
        [2.3883],
        [2.3339],
        [2.5063]])
Epoch: 048, Train_rmse: 1.1151, Test_rmse: 1.4361, LR: 0.0000010000
tensor([[4.1214],
        [2.6609],
        [3.3263],
        [2.6518],
        [3.2859],
        [2.8583],
        [2.8843],
        [3.2850],
        [2.4571],
        [2.7219],
        [2.6683],
        [2.9024],
        [2.3749],
        [3.4015],
        [3.4224],
        [2.9245],
        [3.1307],
        [2.7373],
        [2.5367],
        [3.3488],
        [3.1820],
        [2.6117],
        [3.2578],
        [2.8205],
        [3.0814],
        [2.6521],
        [3.4322]], grad_fn=<ReluBackward0>)
tensor([[2.3905],
        [2.8478],
        [2.5826],
        [2.7409],
        [2.9494],
        [2.3806],
        [2.2848],
        [2.5084],
        [2.3361],
        [3.4204],
        [2.8261],
        [2.7768]])
Epoch: 049, Train_rmse: 1.1150, Test_rmse: 1.4341, LR: 0.0000010000
tensor([[3.2581],
        [3.4228],
        [3.0818],
        [3.1824],
        [2.6521],
        [3.2854],
        [2.5369],
        [2.6523],
        [3.4327],
        [2.9027],
        [2.6686],
        [2.4573],
        [2.7376],
        [3.4019],
        [2.9248],
        [2.8208],
        [2.8846],
        [3.3267],
        [3.3492],
        [3.2863],
        [2.8586],
        [2.7222],
        [4.1220],
        [2.3751],
        [3.1310],
        [2.6120],
        [2.6612]], grad_fn=<ReluBackward0>)
tensor([[2.8499],
        [2.7788],
        [3.4231],
        [2.2868],
        [2.3380],
        [2.7429],
        [2.8281],
        [2.3925],
        [2.9517],
        [2.3826],
        [2.5104],
        [2.5845]])
Epoch: 050, Train_rmse: 1.1148, Test_rmse: 1.4322, LR: 0.0000010000
tensor([[4.1226],
        [3.0821],
        [2.7379],
        [3.2858],
        [3.4331],
        [2.4575],
        [3.4232],
        [2.6526],
        [2.9251],
        [3.2585],
        [2.8849],
        [2.6689],
        [3.1828],
        [2.6615],
        [2.7225],
        [2.6523],
        [3.4024],
        [3.1314],
        [2.8589],
        [2.8211],
        [3.2867],
        [2.6122],
        [3.3271],
        [2.3753],
        [2.5372],
        [2.9031],
        [3.3496]], grad_fn=<ReluBackward0>)
tensor([[2.7447],
        [2.3944],
        [2.3399],
        [2.9538],
        [2.3844],
        [2.5863],
        [2.8300],
        [2.7807],
        [2.5123],
        [3.4255],
        [2.8518],
        [2.2887]])
Epoch: 051, Train_rmse: 1.1147, Test_rmse: 1.4305, LR: 0.0000010000
tensor([[2.3755],
        [3.2862],
        [3.3276],
        [2.9255],
        [3.4236],
        [3.1832],
        [3.2871],
        [2.8592],
        [2.7228],
        [3.2589],
        [2.6617],
        [2.5374],
        [3.0825],
        [2.6526],
        [2.6529],
        [2.7382],
        [2.9034],
        [3.4028],
        [2.6125],
        [4.1232],
        [2.6692],
        [3.3500],
        [3.4336],
        [3.1318],
        [2.8214],
        [2.4578],
        [2.8852]], grad_fn=<ReluBackward0>)
tensor([[2.3415],
        [2.5140],
        [2.7465],
        [2.2903],
        [2.8536],
        [2.5879],
        [2.3861],
        [3.4277],
        [2.3961],
        [2.8318],
        [2.7825],
        [2.9558]])
Epoch: 052, Train_rmse: 1.1146, Test_rmse: 1.4289, LR: 0.0000010000
tensor([[2.8217],
        [3.1836],
        [3.4240],
        [2.8855],
        [2.9258],
        [2.9037],
        [2.7230],
        [2.6620],
        [3.3504],
        [3.0829],
        [2.8595],
        [2.6532],
        [2.6127],
        [3.1321],
        [4.1239],
        [2.7385],
        [2.4580],
        [3.3280],
        [3.4340],
        [3.2875],
        [3.2593],
        [3.2866],
        [2.3757],
        [3.4033],
        [2.6696],
        [2.5377],
        [2.6529]], grad_fn=<ReluBackward0>)
tensor([[2.8334],
        [2.3431],
        [2.2919],
        [2.7480],
        [2.9576],
        [2.3877],
        [3.4298],
        [2.8552],
        [2.3976],
        [2.7841],
        [2.5894],
        [2.5156]])
Epoch: 053, Train_rmse: 1.1144, Test_rmse: 1.4275, LR: 0.0000001000
tensor([[2.7388],
        [2.6699],
        [2.8220],
        [2.7233],
        [2.8859],
        [3.2597],
        [3.2879],
        [2.9261],
        [2.6623],
        [2.5379],
        [3.1325],
        [3.1840],
        [3.3284],
        [2.6535],
        [2.6532],
        [3.4345],
        [3.4245],
        [3.4038],
        [2.8598],
        [3.0832],
        [2.3760],
        [3.3509],
        [3.2870],
        [2.4583],
        [2.6130],
        [4.1245],
        [2.9040]], grad_fn=<ReluBackward0>)
tensor([[2.3988],
        [2.8347],
        [3.4314],
        [2.9589],
        [2.2931],
        [2.5906],
        [2.8565],
        [2.7853],
        [2.3443],
        [2.5168],
        [2.7492],
        [2.3889]])
Epoch: 054, Train_rmse: 1.1143, Test_rmse: 1.4264, LR: 0.0000001000
tensor([[2.9041],
        [3.2879],
        [2.6130],
        [3.0833],
        [3.1325],
        [2.8599],
        [2.6535],
        [3.4345],
        [4.1245],
        [2.7388],
        [3.2871],
        [2.9262],
        [3.1841],
        [3.3509],
        [3.2598],
        [3.4245],
        [2.6623],
        [2.8220],
        [2.7233],
        [2.3760],
        [3.4038],
        [3.3284],
        [2.5379],
        [2.6532],
        [2.6699],
        [2.4583],
        [2.8859]], grad_fn=<ReluBackward0>)
tensor([[2.8576],
        [2.7864],
        [2.2942],
        [2.3454],
        [2.7503],
        [3.4328],
        [2.3999],
        [2.5179],
        [2.5916],
        [2.3900],
        [2.9602],
        [2.8358]])
Epoch: 055, Train_rmse: 1.1143, Test_rmse: 1.4254, LR: 0.0000001000
tensor([[2.6535],
        [2.7234],
        [2.6131],
        [3.3285],
        [3.1841],
        [2.4583],
        [3.0833],
        [2.9041],
        [3.4039],
        [3.2871],
        [2.8859],
        [2.6623],
        [3.2598],
        [2.9262],
        [2.3760],
        [3.2880],
        [2.5380],
        [3.4245],
        [2.7388],
        [3.4346],
        [2.6532],
        [3.3510],
        [4.1246],
        [2.6699],
        [2.8599],
        [3.1326],
        [2.8221]], grad_fn=<ReluBackward0>)
tensor([[2.2952],
        [2.8368],
        [2.8586],
        [2.3464],
        [2.5926],
        [3.4340],
        [2.3910],
        [2.7513],
        [2.9613],
        [2.5189],
        [2.4009],
        [2.7874]])
Epoch: 056, Train_rmse: 1.1142, Test_rmse: 1.4245, LR: 0.0000001000
tensor([[4.1247],
        [3.1326],
        [2.9262],
        [3.4346],
        [2.7234],
        [3.2880],
        [2.8859],
        [3.0834],
        [3.4246],
        [2.5380],
        [3.3510],
        [3.2598],
        [2.7389],
        [2.6131],
        [2.9041],
        [3.3285],
        [2.6533],
        [3.1842],
        [2.3760],
        [3.4039],
        [2.8599],
        [3.2872],
        [2.6624],
        [2.6535],
        [2.8221],
        [2.4583],
        [2.6700]], grad_fn=<ReluBackward0>)
tensor([[2.4019],
        [2.5934],
        [2.8377],
        [2.9623],
        [2.3473],
        [2.3919],
        [2.7522],
        [2.2961],
        [2.5198],
        [2.8595],
        [3.4352],
        [2.7883]])
Epoch: 057, Train_rmse: 1.1142, Test_rmse: 1.4237, LR: 0.0000001000
tensor([[2.8860],
        [3.4347],
        [3.2880],
        [3.2599],
        [3.3510],
        [2.7389],
        [3.0834],
        [2.8221],
        [2.3760],
        [2.6700],
        [3.3286],
        [2.6536],
        [4.1247],
        [2.8600],
        [3.4246],
        [2.5380],
        [3.4039],
        [2.9042],
        [2.6533],
        [3.1326],
        [3.1842],
        [2.7234],
        [2.4584],
        [2.6131],
        [2.9263],
        [3.2872],
        [2.6624]], grad_fn=<ReluBackward0>)
tensor([[2.8385],
        [2.7891],
        [2.3927],
        [3.4363],
        [2.5942],
        [2.3481],
        [2.8603],
        [2.4027],
        [2.2970],
        [2.5206],
        [2.9633],
        [2.7530]])
Epoch: 058, Train_rmse: 1.1142, Test_rmse: 1.4229, LR: 0.0000001000
tensor([[2.8222],
        [2.9042],
        [4.1248],
        [2.9263],
        [2.6536],
        [2.7235],
        [3.4347],
        [2.6131],
        [3.3286],
        [2.3761],
        [3.2872],
        [3.2599],
        [2.6533],
        [3.0834],
        [3.1327],
        [2.5380],
        [2.4584],
        [3.4247],
        [2.7389],
        [3.2881],
        [3.4040],
        [2.8860],
        [3.1843],
        [3.3511],
        [2.6700],
        [2.8600],
        [2.6624]], grad_fn=<ReluBackward0>)
tensor([[2.9641],
        [2.8393],
        [2.4034],
        [2.3935],
        [2.7537],
        [2.5213],
        [2.5949],
        [2.7899],
        [2.8611],
        [3.4372],
        [2.3489],
        [2.2977]])
Epoch: 059, Train_rmse: 1.1142, Test_rmse: 1.4223, LR: 0.0000001000
tensor([[2.9042],
        [2.6701],
        [2.7389],
        [3.3511],
        [2.3761],
        [3.1843],
        [2.7235],
        [2.6534],
        [3.4040],
        [2.8860],
        [3.4247],
        [3.2873],
        [2.4584],
        [2.8222],
        [2.6132],
        [3.3286],
        [2.8600],
        [3.4348],
        [3.2600],
        [2.5381],
        [2.6624],
        [3.2881],
        [3.1327],
        [4.1249],
        [2.6536],
        [2.9263],
        [3.0835]], grad_fn=<ReluBackward0>)
tensor([[2.2984],
        [2.7905],
        [2.4041],
        [3.4381],
        [2.3941],
        [2.5956],
        [2.7544],
        [2.8400],
        [2.9649],
        [2.3495],
        [2.8617],
        [2.5220]])
Epoch: 060, Train_rmse: 1.1142, Test_rmse: 1.4217, LR: 0.0000001000
tensor([[2.6537],
        [2.6132],
        [3.0835],
        [2.9264],
        [3.1327],
        [3.1843],
        [3.4041],
        [3.2873],
        [3.2882],
        [2.8601],
        [2.8861],
        [3.3512],
        [3.4348],
        [3.4248],
        [2.5381],
        [3.3287],
        [2.9043],
        [2.6534],
        [3.2600],
        [2.7390],
        [4.1249],
        [2.6625],
        [2.4584],
        [2.8222],
        [2.7235],
        [2.6701],
        [2.3761]], grad_fn=<ReluBackward0>)
tensor([[3.4389],
        [2.3501],
        [2.7550],
        [2.4047],
        [2.8624],
        [2.2990],
        [2.8406],
        [2.5962],
        [2.9656],
        [2.7912],
        [2.5226],
        [2.3948]])
Epoch: 061, Train_rmse: 1.1142, Test_rmse: 1.4211, LR: 0.0000001000
tensor([[3.0835],
        [2.8223],
        [3.2601],
        [4.1250],
        [3.1844],
        [2.4584],
        [3.4041],
        [2.8601],
        [2.5381],
        [3.3512],
        [3.2874],
        [2.9264],
        [3.1328],
        [2.6701],
        [2.6537],
        [2.6625],
        [2.9043],
        [3.4349],
        [2.7236],
        [3.2882],
        [2.6132],
        [3.4248],
        [2.3761],
        [2.6534],
        [3.3287],
        [2.8861],
        [2.7390]], grad_fn=<ReluBackward0>)
tensor([[2.4053],
        [3.4396],
        [2.3507],
        [2.7917],
        [2.2996],
        [2.8411],
        [2.5967],
        [2.7556],
        [2.3953],
        [2.9662],
        [2.5232],
        [2.8629]])
Epoch: 062, Train_rmse: 1.1142, Test_rmse: 1.4206, LR: 0.0000001000
tensor([[3.2601],
        [2.9264],
        [3.3288],
        [3.4248],
        [2.3762],
        [3.0836],
        [3.2874],
        [2.6702],
        [2.5381],
        [2.8601],
        [3.3513],
        [3.2883],
        [2.4585],
        [2.6535],
        [2.8223],
        [2.7390],
        [3.4042],
        [2.8861],
        [2.7236],
        [4.1250],
        [3.1844],
        [2.6133],
        [2.6537],
        [2.6625],
        [2.9043],
        [3.1328],
        [3.4349]], grad_fn=<ReluBackward0>)
tensor([[2.3958],
        [2.3001],
        [2.7922],
        [2.5237],
        [2.4058],
        [2.7561],
        [2.3512],
        [2.8416],
        [2.5972],
        [2.8634],
        [3.4402],
        [2.9668]])
Epoch: 063, Train_rmse: 1.1141, Test_rmse: 1.4201, LR: 0.0000001000
tensor([[2.9044],
        [2.6702],
        [2.5382],
        [2.8223],
        [4.1251],
        [3.2874],
        [3.4249],
        [2.7236],
        [2.9265],
        [2.6625],
        [3.2601],
        [3.1845],
        [2.8862],
        [2.6535],
        [3.2883],
        [2.3762],
        [3.3288],
        [3.0836],
        [2.4585],
        [3.4350],
        [2.6537],
        [2.6133],
        [3.1329],
        [2.7391],
        [2.8602],
        [3.3513],
        [3.4042]], grad_fn=<ReluBackward0>)
tensor([[2.8421],
        [2.3963],
        [2.5976],
        [2.4062],
        [2.3517],
        [3.4408],
        [2.5241],
        [2.9673],
        [2.7927],
        [2.3005],
        [2.8639],
        [2.7565]])
Epoch: 064, Train_rmse: 1.1141, Test_rmse: 1.4197, LR: 0.0000000100
tensor([[3.2875],
        [2.7236],
        [3.0837],
        [2.3762],
        [3.1845],
        [3.4350],
        [2.5382],
        [2.9044],
        [4.1252],
        [3.1329],
        [2.6538],
        [2.8223],
        [3.3514],
        [3.2602],
        [2.6626],
        [2.7391],
        [2.8862],
        [2.4585],
        [3.4249],
        [3.4043],
        [3.2883],
        [2.6535],
        [2.8602],
        [2.6133],
        [3.3289],
        [2.9265],
        [2.6702]], grad_fn=<ReluBackward0>)
tensor([[2.7569],
        [2.8643],
        [2.3009],
        [2.5980],
        [2.8425],
        [2.3520],
        [2.5245],
        [2.4066],
        [3.4413],
        [2.9677],
        [2.7931],
        [2.3967]])
Epoch: 065, Train_rmse: 1.1141, Test_rmse: 1.4194, LR: 0.0000000100
tensor([[2.6538],
        [2.6702],
        [2.8862],
        [2.7391],
        [3.4249],
        [2.8224],
        [2.9044],
        [3.1845],
        [2.6535],
        [2.3762],
        [3.3514],
        [3.3289],
        [2.7236],
        [2.8602],
        [3.4043],
        [3.2883],
        [2.5382],
        [3.2602],
        [3.1329],
        [3.0837],
        [3.4350],
        [3.2875],
        [2.9265],
        [2.4585],
        [4.1252],
        [2.6133],
        [2.6626]], grad_fn=<ReluBackward0>)
tensor([[2.7934],
        [3.4418],
        [2.3524],
        [2.9681],
        [2.5983],
        [2.3013],
        [2.8646],
        [2.3970],
        [2.7572],
        [2.5249],
        [2.4070],
        [2.8429]])
Epoch: 066, Train_rmse: 1.1141, Test_rmse: 1.4191, LR: 0.0000000100
tensor([[2.5382],
        [3.1329],
        [3.2883],
        [2.6133],
        [3.4043],
        [2.6702],
        [3.0837],
        [2.8862],
        [2.3762],
        [2.4585],
        [4.1252],
        [2.6626],
        [2.8224],
        [3.3514],
        [2.7236],
        [3.4350],
        [3.2875],
        [2.6535],
        [3.1845],
        [2.6538],
        [2.8602],
        [3.3289],
        [3.2602],
        [3.4249],
        [2.9265],
        [2.7391],
        [2.9044]], grad_fn=<ReluBackward0>)
tensor([[2.5252],
        [2.8650],
        [2.8432],
        [2.3973],
        [2.7937],
        [2.5986],
        [2.3016],
        [2.7576],
        [3.4422],
        [2.3527],
        [2.4073],
        [2.9685]])
Epoch: 067, Train_rmse: 1.1141, Test_rmse: 1.4188, LR: 0.0000000100
tensor([[3.4350],
        [3.4043],
        [3.2602],
        [3.2875],
        [4.1252],
        [3.0837],
        [2.6133],
        [2.6702],
        [3.1845],
        [2.8224],
        [2.5382],
        [2.6626],
        [2.7391],
        [2.3762],
        [3.2883],
        [2.8862],
        [2.7237],
        [3.1329],
        [2.8602],
        [2.9044],
        [3.3514],
        [3.4249],
        [2.9265],
        [2.4585],
        [3.3289],
        [2.6535],
        [2.6538]], grad_fn=<ReluBackward0>)
tensor([[2.5255],
        [2.8652],
        [2.3530],
        [2.9688],
        [2.7940],
        [3.4425],
        [2.3019],
        [2.3976],
        [2.8435],
        [2.5989],
        [2.4076],
        [2.7578]])
Epoch: 068, Train_rmse: 1.1141, Test_rmse: 1.4185, LR: 0.0000000100
tensor([[2.5382],
        [3.3289],
        [3.1845],
        [2.9265],
        [2.4585],
        [2.7391],
        [2.3762],
        [3.4043],
        [2.9044],
        [2.6702],
        [3.3514],
        [2.6535],
        [3.0837],
        [2.6538],
        [2.7237],
        [3.4350],
        [2.8862],
        [2.6133],
        [3.1329],
        [3.2875],
        [2.8224],
        [2.8602],
        [2.6626],
        [3.2884],
        [4.1252],
        [3.4249],
        [3.2602]], grad_fn=<ReluBackward0>)
tensor([[2.8437],
        [2.4079],
        [2.8655],
        [2.3022],
        [2.5991],
        [3.4429],
        [2.5257],
        [2.7943],
        [2.3979],
        [2.3533],
        [2.9691],
        [2.7581]])
Epoch: 069, Train_rmse: 1.1141, Test_rmse: 1.4183, LR: 0.0000000100
tensor([[3.2884],
        [3.4350],
        [3.4043],
        [3.3514],
        [3.0837],
        [2.6702],
        [2.7391],
        [2.3762],
        [2.6133],
        [2.8862],
        [2.6538],
        [3.2875],
        [3.1329],
        [2.9044],
        [3.3289],
        [4.1252],
        [2.6535],
        [2.6626],
        [3.1845],
        [3.4250],
        [2.9265],
        [2.8602],
        [2.4585],
        [2.8224],
        [2.7237],
        [2.5382],
        [3.2602]], grad_fn=<ReluBackward0>)
tensor([[2.9694],
        [2.4081],
        [2.5260],
        [2.7583],
        [2.8440],
        [2.7945],
        [2.3981],
        [2.3535],
        [3.4431],
        [2.5993],
        [2.3024],
        [2.8657]])
Epoch: 070, Train_rmse: 1.1141, Test_rmse: 1.4181, LR: 0.0000000100
tensor([[2.9265],
        [3.3514],
        [2.6133],
        [4.1252],
        [2.8224],
        [2.9044],
        [2.4585],
        [3.2875],
        [3.4043],
        [3.1845],
        [3.4250],
        [3.2602],
        [2.5382],
        [2.8862],
        [2.6626],
        [3.3289],
        [2.6535],
        [2.3762],
        [3.2884],
        [2.6702],
        [3.0837],
        [2.7391],
        [2.7237],
        [3.1329],
        [2.6538],
        [2.8602],
        [3.4350]], grad_fn=<ReluBackward0>)
tensor([[2.4083],
        [2.7947],
        [2.3983],
        [3.4434],
        [2.8659],
        [2.9696],
        [2.5995],
        [2.8442],
        [2.3026],
        [2.5262],
        [2.7585],
        [2.3537]])
Epoch: 071, Train_rmse: 1.1141, Test_rmse: 1.4179, LR: 0.0000000100
tensor([[4.1252],
        [2.6626],
        [3.2875],
        [2.7391],
        [3.4350],
        [3.1329],
        [3.2884],
        [2.6535],
        [2.7237],
        [2.8224],
        [2.9265],
        [3.2602],
        [3.3514],
        [3.4250],
        [3.3289],
        [2.8602],
        [3.0837],
        [2.6702],
        [2.6133],
        [2.9044],
        [2.4585],
        [3.1845],
        [2.5382],
        [2.8862],
        [2.3762],
        [3.4043],
        [2.6538]], grad_fn=<ReluBackward0>)
tensor([[2.7949],
        [2.5264],
        [2.7587],
        [2.5997],
        [2.9698],
        [2.8444],
        [2.3539],
        [2.4085],
        [2.3985],
        [3.4437],
        [2.8661],
        [2.3028]])
Epoch: 072, Train_rmse: 1.1141, Test_rmse: 1.4177, LR: 0.0000000100
tensor([[2.8862],
        [3.4250],
        [4.1252],
        [3.1329],
        [3.3289],
        [2.9265],
        [3.3514],
        [2.6535],
        [2.7237],
        [3.4043],
        [3.1845],
        [3.2602],
        [2.7391],
        [3.2884],
        [2.4585],
        [2.6133],
        [3.2875],
        [3.4350],
        [2.5382],
        [2.6538],
        [2.8602],
        [2.8224],
        [2.6703],
        [2.3762],
        [2.6626],
        [2.9044],
        [3.0837]], grad_fn=<ReluBackward0>)
tensor([[2.5999],
        [2.9700],
        [2.8445],
        [2.3030],
        [2.4087],
        [3.4439],
        [2.3987],
        [2.7951],
        [2.3541],
        [2.5265],
        [2.7589],
        [2.8663]])
Epoch: 073, Train_rmse: 1.1141, Test_rmse: 1.4176, LR: 0.0000000100
tensor([[2.9044],
        [2.7391],
        [3.4351],
        [2.6626],
        [3.3514],
        [2.9265],
        [3.2602],
        [3.1329],
        [3.3289],
        [2.4585],
        [2.3762],
        [3.2875],
        [2.6538],
        [2.8862],
        [2.5382],
        [2.6535],
        [2.6133],
        [3.0837],
        [2.6703],
        [3.2884],
        [3.4250],
        [2.7237],
        [2.8224],
        [2.8602],
        [4.1252],
        [3.4043],
        [3.1846]], grad_fn=<ReluBackward0>)
tensor([[2.6000],
        [2.3989],
        [2.8665],
        [2.4088],
        [2.5267],
        [2.7590],
        [2.3031],
        [3.4441],
        [2.3542],
        [2.8447],
        [2.7953],
        [2.9702]])
Epoch: 074, Train_rmse: 1.1141, Test_rmse: 1.4174, LR: 0.0000000100
tensor([[3.4351],
        [2.5382],
        [2.6703],
        [2.9044],
        [3.0837],
        [2.8224],
        [3.2602],
        [2.4585],
        [3.1329],
        [2.9265],
        [2.6133],
        [2.8862],
        [2.6538],
        [2.7391],
        [3.3289],
        [2.3762],
        [2.7237],
        [3.2875],
        [4.1252],
        [3.4043],
        [3.4250],
        [2.6626],
        [2.8602],
        [3.3514],
        [3.1846],
        [2.6535],
        [3.2884]], grad_fn=<ReluBackward0>)
tensor([[2.8666],
        [2.6002],
        [2.3990],
        [3.4442],
        [2.3033],
        [2.8448],
        [2.4090],
        [2.3544],
        [2.7592],
        [2.7954],
        [2.5268],
        [2.9703]])
Epoch: 075, Train_rmse: 1.1141, Test_rmse: 1.4173, LR: 0.0000000100
tensor([[2.3762],
        [3.4250],
        [2.6133],
        [3.3289],
        [3.2884],
        [2.8862],
        [2.6538],
        [2.4585],
        [2.7237],
        [3.1329],
        [2.5382],
        [2.8224],
        [3.2602],
        [2.6703],
        [2.7391],
        [3.2875],
        [2.9265],
        [2.9044],
        [2.6626],
        [3.1846],
        [4.1252],
        [3.0837],
        [3.4351],
        [2.6535],
        [2.8602],
        [3.4043],
        [3.3514]], grad_fn=<ReluBackward0>)
tensor([[2.5269],
        [2.9705],
        [2.6003],
        [2.8450],
        [2.7955],
        [2.7593],
        [2.8667],
        [2.3034],
        [3.4444],
        [2.3545],
        [2.4091],
        [2.3991]])
Epoch: 076, Train_rmse: 1.1141, Test_rmse: 1.4172, LR: 0.0000000100
tensor([[3.1329],
        [2.7391],
        [3.4351],
        [4.1253],
        [3.2875],
        [2.6703],
        [3.3514],
        [3.4043],
        [2.9265],
        [2.7237],
        [2.6626],
        [3.1846],
        [3.2602],
        [2.6535],
        [3.4250],
        [3.2884],
        [2.8602],
        [2.8863],
        [2.3762],
        [3.0837],
        [2.6133],
        [3.3289],
        [2.8224],
        [2.4586],
        [2.6538],
        [2.9044],
        [2.5382]], grad_fn=<ReluBackward0>)
tensor([[2.3035],
        [2.8668],
        [2.5271],
        [2.8451],
        [2.3992],
        [2.6004],
        [2.7956],
        [2.9706],
        [2.7594],
        [3.4446],
        [2.4092],
        [2.3546]])
Epoch: 077, Train_rmse: 1.1141, Test_rmse: 1.4171, LR: 0.0000000100
tensor([[2.7391],
        [2.6626],
        [2.9265],
        [2.6535],
        [3.2602],
        [2.3762],
        [2.8863],
        [2.8224],
        [3.3514],
        [3.1329],
        [3.2875],
        [2.9044],
        [2.6538],
        [2.8603],
        [2.6703],
        [4.1253],
        [2.5382],
        [3.4351],
        [3.4043],
        [2.7237],
        [2.6133],
        [3.0837],
        [3.3289],
        [3.4250],
        [2.4586],
        [3.1846],
        [3.2884]], grad_fn=<ReluBackward0>)
tensor([[2.3036],
        [3.4447],
        [2.3547],
        [2.8669],
        [2.7957],
        [2.3993],
        [2.5272],
        [2.8452],
        [2.7595],
        [2.4093],
        [2.6005],
        [2.9707]])
Epoch: 078, Train_rmse: 1.1141, Test_rmse: 1.4170, LR: 0.0000000100
tensor([[2.7391],
        [3.4351],
        [2.6536],
        [4.1253],
        [2.7237],
        [2.8603],
        [3.2884],
        [3.1846],
        [3.0837],
        [2.8863],
        [2.9044],
        [2.6703],
        [2.5382],
        [2.3762],
        [2.9265],
        [3.4250],
        [3.2602],
        [2.8224],
        [2.6626],
        [2.4586],
        [2.6133],
        [3.3289],
        [3.4044],
        [2.6538],
        [3.3514],
        [3.2875],
        [3.1329]], grad_fn=<ReluBackward0>)
tensor([[2.8453],
        [2.8670],
        [2.5273],
        [2.3994],
        [2.7596],
        [2.3548],
        [2.9708],
        [2.3037],
        [2.7958],
        [2.6006],
        [3.4448],
        [2.4094]])
Epoch: 079, Train_rmse: 1.1141, Test_rmse: 1.4169, LR: 0.0000000100
tensor([[2.6134],
        [2.7391],
        [2.8863],
        [3.0837],
        [2.6626],
        [2.7237],
        [3.4351],
        [3.3289],
        [3.4250],
        [2.9265],
        [2.8224],
        [3.2602],
        [3.1330],
        [2.5382],
        [3.2876],
        [2.6538],
        [3.2884],
        [3.3514],
        [2.9045],
        [3.1846],
        [2.4586],
        [2.6703],
        [3.4044],
        [2.6536],
        [4.1253],
        [2.8603],
        [2.3762]], grad_fn=<ReluBackward0>)
tensor([[3.4449],
        [2.6007],
        [2.8671],
        [2.3549],
        [2.3038],
        [2.7959],
        [2.4095],
        [2.3995],
        [2.5273],
        [2.9709],
        [2.7597],
        [2.8453]])
Epoch: 080, Train_rmse: 1.1141, Test_rmse: 1.4168, LR: 0.0000000100
tensor([[2.8863],
        [3.4351],
        [2.4586],
        [4.1253],
        [2.6536],
        [3.4250],
        [2.6626],
        [2.9045],
        [2.7237],
        [2.7392],
        [3.3514],
        [3.2602],
        [3.2884],
        [2.8224],
        [3.0837],
        [3.4044],
        [3.2876],
        [2.9265],
        [2.6538],
        [3.1330],
        [2.6134],
        [2.5382],
        [3.3289],
        [3.1846],
        [2.6703],
        [2.8603],
        [2.3762]], grad_fn=<ReluBackward0>)
tensor([[2.3039],
        [2.3996],
        [2.7598],
        [2.8454],
        [2.6007],
        [2.8672],
        [2.9710],
        [2.7960],
        [2.4096],
        [3.4450],
        [2.5274],
        [2.3550]])
Epoch: 081, Train_rmse: 1.1141, Test_rmse: 1.4168, LR: 0.0000000100
tensor([[2.6134],
        [2.9265],
        [3.2884],
        [3.2876],
        [3.4044],
        [3.0837],
        [2.7392],
        [3.1846],
        [3.2603],
        [3.4250],
        [2.8603],
        [2.3762],
        [3.4351],
        [2.6626],
        [2.7237],
        [2.6703],
        [3.3514],
        [2.6538],
        [4.1253],
        [3.3289],
        [2.9045],
        [2.8863],
        [2.8224],
        [2.6536],
        [2.5382],
        [3.1330],
        [2.4586]], grad_fn=<ReluBackward0>)
tensor([[2.9711],
        [2.7961],
        [2.6008],
        [2.3997],
        [2.3550],
        [3.4451],
        [2.5275],
        [2.7598],
        [2.4096],
        [2.8455],
        [2.8673],
        [2.3040]])
Epoch: 082, Train_rmse: 1.1141, Test_rmse: 1.4167, LR: 0.0000000100
tensor([[3.1846],
        [2.8603],
        [3.4351],
        [2.8224],
        [2.5382],
        [2.7237],
        [2.6536],
        [3.0837],
        [2.3762],
        [2.7392],
        [3.2884],
        [3.4044],
        [2.9266],
        [2.8863],
        [3.3514],
        [3.4250],
        [3.2876],
        [3.1330],
        [2.9045],
        [4.1253],
        [3.3289],
        [2.6703],
        [2.6134],
        [2.4586],
        [2.6626],
        [2.6538],
        [3.2603]], grad_fn=<ReluBackward0>)
tensor([[2.7599],
        [2.3040],
        [2.5275],
        [2.4097],
        [3.4452],
        [2.9712],
        [2.8673],
        [2.6009],
        [2.3551],
        [2.7961],
        [2.3997],
        [2.8456]])
Epoch: 083, Train_rmse: 1.1141, Test_rmse: 1.4166, LR: 0.0000000100
tensor([[2.4586],
        [2.5382],
        [2.6703],
        [3.2603],
        [2.6134],
        [2.6536],
        [2.9266],
        [2.9045],
        [3.3289],
        [2.3762],
        [3.4044],
        [2.7392],
        [3.0837],
        [4.1253],
        [2.8603],
        [3.4250],
        [3.3514],
        [3.1330],
        [2.6626],
        [2.6538],
        [3.1846],
        [2.7237],
        [3.2884],
        [2.8863],
        [2.8224],
        [3.2876],
        [3.4351]], grad_fn=<ReluBackward0>)
tensor([[2.4097],
        [2.8456],
        [2.7599],
        [2.3998],
        [2.6009],
        [2.3041],
        [3.4452],
        [2.7962],
        [2.8674],
        [2.5276],
        [2.9712],
        [2.3551]])
Epoch: 084, Train_rmse: 1.1141, Test_rmse: 1.4166, LR: 0.0000000100
tensor([[3.1846],
        [2.7237],
        [2.6538],
        [2.8603],
        [3.4250],
        [2.4586],
        [2.9045],
        [2.3762],
        [3.2876],
        [3.3289],
        [3.4351],
        [3.1330],
        [3.0837],
        [2.8224],
        [3.2884],
        [3.4044],
        [2.6703],
        [3.3514],
        [2.9266],
        [2.6536],
        [2.7392],
        [2.6134],
        [2.6626],
        [3.2603],
        [2.5382],
        [2.8863],
        [4.1253]], grad_fn=<ReluBackward0>)
tensor([[2.3041],
        [2.7600],
        [2.4098],
        [2.8674],
        [2.3552],
        [2.3998],
        [2.5276],
        [2.9713],
        [2.6010],
        [2.8457],
        [2.7962],
        [3.4453]])
Epoch: 085, Train_rmse: 1.1141, Test_rmse: 1.4165, LR: 0.0000000100
tensor([[2.8863],
        [3.4351],
        [2.6536],
        [2.5383],
        [2.8603],
        [2.6134],
        [2.6626],
        [3.4250],
        [2.3762],
        [2.6703],
        [2.4586],
        [2.9045],
        [3.2884],
        [3.3514],
        [3.3289],
        [2.6538],
        [3.2876],
        [2.7237],
        [3.2603],
        [4.1253],
        [3.1846],
        [3.4044],
        [2.9266],
        [3.0837],
        [2.7392],
        [3.1330],
        [2.8224]], grad_fn=<ReluBackward0>)
tensor([[2.8675],
        [2.7600],
        [2.3042],
        [2.3999],
        [2.3552],
        [2.6010],
        [3.4454],
        [2.4098],
        [2.9713],
        [2.7963],
        [2.8457],
        [2.5277]])
Epoch: 086, Train_rmse: 1.1141, Test_rmse: 1.4165, LR: 0.0000000100
tensor([[2.6134],
        [3.2876],
        [2.8603],
        [2.7237],
        [2.6703],
        [2.8224],
        [2.6538],
        [3.1330],
        [2.8863],
        [2.6536],
        [3.1846],
        [3.0837],
        [2.6626],
        [3.2603],
        [3.2884],
        [3.3514],
        [3.4250],
        [3.3290],
        [2.5383],
        [2.7392],
        [2.9266],
        [2.3762],
        [2.4586],
        [3.4351],
        [4.1253],
        [3.4044],
        [2.9045]], grad_fn=<ReluBackward0>)
tensor([[2.6010],
        [3.4454],
        [2.5277],
        [2.4099],
        [2.8675],
        [2.8458],
        [2.3042],
        [2.3999],
        [2.7601],
        [2.9714],
        [2.7963],
        [2.3553]])
Epoch: 087, Train_rmse: 1.1141, Test_rmse: 1.4165, LR: 0.0000000100
tensor([[2.8863],
        [2.6538],
        [2.7237],
        [2.9045],
        [2.6703],
        [2.3763],
        [4.1253],
        [3.3514],
        [3.4351],
        [2.4586],
        [3.2876],
        [2.6626],
        [3.1330],
        [2.6536],
        [3.2603],
        [2.5383],
        [2.7392],
        [3.4044],
        [3.2884],
        [3.1846],
        [3.0837],
        [3.3290],
        [3.4250],
        [2.8603],
        [2.6134],
        [2.8224],
        [2.9266]], grad_fn=<ReluBackward0>)
tensor([[2.3999],
        [2.8676],
        [2.9714],
        [2.7601],
        [2.6011],
        [2.5278],
        [2.3043],
        [2.7963],
        [3.4455],
        [2.4099],
        [2.8458],
        [2.3553]])
Epoch: 088, Train_rmse: 1.1141, Test_rmse: 1.4164, LR: 0.0000000100
tensor([[4.1253],
        [2.3763],
        [3.1846],
        [2.6703],
        [3.2876],
        [3.4351],
        [3.2884],
        [2.5383],
        [2.8224],
        [2.6538],
        [2.6134],
        [3.2603],
        [3.1330],
        [2.9045],
        [2.4586],
        [2.8863],
        [2.6536],
        [3.0838],
        [3.4044],
        [3.3515],
        [2.8603],
        [2.6626],
        [2.7237],
        [3.4250],
        [2.9266],
        [3.3290],
        [2.7392]], grad_fn=<ReluBackward0>)
tensor([[2.7964],
        [2.4100],
        [2.3043],
        [2.4000],
        [2.8676],
        [2.6011],
        [2.7602],
        [3.4455],
        [2.9715],
        [2.8458],
        [2.5278],
        [2.3554]])
Epoch: 089, Train_rmse: 1.1141, Test_rmse: 1.4164, LR: 0.0000000100
tensor([[3.3290],
        [3.3515],
        [2.6134],
        [2.9045],
        [2.7392],
        [2.4586],
        [2.6538],
        [2.6703],
        [3.4351],
        [2.5383],
        [3.2603],
        [2.9266],
        [3.2876],
        [2.6626],
        [3.0838],
        [2.8603],
        [3.1330],
        [3.4044],
        [4.1253],
        [2.7237],
        [2.3763],
        [2.8863],
        [3.2884],
        [2.6536],
        [3.1846],
        [3.4250],
        [2.8224]], grad_fn=<ReluBackward0>)
tensor([[2.4100],
        [2.9715],
        [2.8459],
        [2.5278],
        [2.4000],
        [3.4456],
        [2.3554],
        [2.3043],
        [2.8676],
        [2.6011],
        [2.7602],
        [2.7964]])
Epoch: 090, Train_rmse: 1.1141, Test_rmse: 1.4164, LR: 0.0000000100
tensor([[2.9266],
        [2.8224],
        [4.1253],
        [2.8863],
        [2.6703],
        [3.3290],
        [2.6134],
        [2.7237],
        [3.2884],
        [3.2603],
        [3.4351],
        [2.4586],
        [3.4250],
        [3.0838],
        [2.9045],
        [2.7392],
        [2.6626],
        [2.5383],
        [3.1330],
        [2.6536],
        [2.6539],
        [3.1846],
        [2.8603],
        [2.3763],
        [3.4044],
        [3.3515],
        [3.2876]], grad_fn=<ReluBackward0>)
tensor([[2.3043],
        [2.8459],
        [2.6012],
        [2.3554],
        [2.7602],
        [3.4456],
        [2.9715],
        [2.5279],
        [2.8677],
        [2.7964],
        [2.4000],
        [2.4100]])
Epoch: 091, Train_rmse: 1.1141, Test_rmse: 1.4163, LR: 0.0000000100
tensor([[3.3290],
        [2.6134],
        [2.7392],
        [4.1253],
        [3.3515],
        [2.5383],
        [2.6703],
        [2.9045],
        [2.9266],
        [2.6627],
        [2.8603],
        [2.8863],
        [3.0838],
        [3.2884],
        [2.4586],
        [3.1330],
        [3.2603],
        [3.1846],
        [2.7237],
        [2.8224],
        [3.4044],
        [2.6536],
        [3.4351],
        [2.6539],
        [3.4250],
        [3.2876],
        [2.3763]], grad_fn=<ReluBackward0>)
tensor([[2.8677],
        [3.4456],
        [2.3554],
        [2.4001],
        [2.4100],
        [2.7602],
        [2.5279],
        [2.8459],
        [2.3044],
        [2.6012],
        [2.9716],
        [2.7965]])
Epoch: 092, Train_rmse: 1.1141, Test_rmse: 1.4163, LR: 0.0000000100
tensor([[4.1254],
        [2.9266],
        [2.7237],
        [3.2603],
        [2.5383],
        [3.2885],
        [2.6536],
        [2.8863],
        [3.2876],
        [2.6627],
        [3.3290],
        [3.4044],
        [3.0838],
        [2.4586],
        [3.1330],
        [2.8224],
        [2.7392],
        [3.1846],
        [2.3763],
        [2.6703],
        [2.8603],
        [2.6539],
        [3.3515],
        [2.9045],
        [3.4251],
        [3.4351],
        [2.6134]], grad_fn=<ReluBackward0>)
tensor([[2.8459],
        [2.6012],
        [2.7965],
        [2.4001],
        [2.4101],
        [2.3555],
        [3.4457],
        [2.3044],
        [2.9716],
        [2.5279],
        [2.7603],
        [2.8677]])
Epoch: 093, Train_rmse: 1.1141, Test_rmse: 1.4163, LR: 0.0000000100
tensor([[2.5383],
        [3.0838],
        [2.8224],
        [2.6627],
        [3.3290],
        [2.6539],
        [2.9045],
        [3.4251],
        [2.6134],
        [2.8863],
        [2.3763],
        [3.3515],
        [2.7237],
        [2.8603],
        [2.6536],
        [2.7392],
        [2.4586],
        [3.1846],
        [3.4044],
        [2.6703],
        [2.9266],
        [3.2876],
        [4.1254],
        [3.2885],
        [3.4351],
        [3.2603],
        [3.1330]], grad_fn=<ReluBackward0>)
tensor([[2.3044],
        [2.8677],
        [2.7603],
        [2.5279],
        [2.6012],
        [2.4001],
        [2.4101],
        [2.3555],
        [3.4457],
        [2.8460],
        [2.7965],
        [2.9716]])
Epoch: 094, Train_rmse: 1.1141, Test_rmse: 1.4163, LR: 0.0000000100
tensor([[3.0838],
        [3.4044],
        [3.4251],
        [2.3763],
        [4.1254],
        [3.2876],
        [3.1846],
        [2.6536],
        [2.9045],
        [2.4586],
        [2.5383],
        [3.3290],
        [3.4352],
        [2.6703],
        [3.2603],
        [2.8603],
        [2.6627],
        [2.9266],
        [2.8863],
        [2.7237],
        [2.6134],
        [3.2885],
        [2.6539],
        [2.7392],
        [2.8224],
        [3.1330],
        [3.3515]], grad_fn=<ReluBackward0>)
tensor([[2.3555],
        [2.3044],
        [2.4101],
        [2.8460],
        [2.7603],
        [2.8677],
        [2.7965],
        [2.6012],
        [3.4457],
        [2.4001],
        [2.5280],
        [2.9716]])
Epoch: 095, Train_rmse: 1.1141, Test_rmse: 1.4163, LR: 0.0000000100
tensor([[2.6703],
        [3.2885],
        [3.4352],
        [4.1254],
        [2.6134],
        [3.4044],
        [3.0838],
        [2.8603],
        [2.6536],
        [2.7237],
        [2.3763],
        [2.7392],
        [3.1846],
        [2.6627],
        [2.6539],
        [2.9045],
        [2.8224],
        [3.3515],
        [3.1330],
        [2.8863],
        [2.5383],
        [3.2876],
        [3.2603],
        [2.9266],
        [3.4251],
        [2.4586],
        [3.3290]], grad_fn=<ReluBackward0>)
tensor([[2.4101],
        [3.4457],
        [2.6013],
        [2.9716],
        [2.7966],
        [2.8460],
        [2.8678],
        [2.3045],
        [2.7603],
        [2.4002],
        [2.5280],
        [2.3555]])
Epoch: 096, Train_rmse: 1.1141, Test_rmse: 1.4162, LR: 0.0000000100
tensor([[2.8224],
        [4.1254],
        [2.6536],
        [3.1847],
        [3.2603],
        [2.3763],
        [2.5383],
        [3.3515],
        [3.2876],
        [2.4586],
        [2.8863],
        [2.7237],
        [3.2885],
        [3.0838],
        [3.3290],
        [2.6539],
        [3.1330],
        [2.8603],
        [3.4044],
        [2.6703],
        [2.6627],
        [2.9045],
        [3.4251],
        [2.6134],
        [2.9266],
        [3.4352],
        [2.7392]], grad_fn=<ReluBackward0>)
tensor([[2.4002],
        [2.3555],
        [2.3045],
        [2.6013],
        [2.4101],
        [2.8460],
        [2.9717],
        [3.4458],
        [2.7966],
        [2.7603],
        [2.5280],
        [2.8678]])
Epoch: 097, Train_rmse: 1.1141, Test_rmse: 1.4162, LR: 0.0000000100
tensor([[2.9266],
        [3.4352],
        [3.2603],
        [3.2885],
        [2.4586],
        [2.3763],
        [2.6539],
        [2.7392],
        [3.0838],
        [2.6627],
        [2.7237],
        [3.3515],
        [2.5383],
        [4.1254],
        [2.8603],
        [2.8225],
        [3.4044],
        [2.6703],
        [2.6536],
        [3.3290],
        [3.2876],
        [3.4251],
        [2.9045],
        [3.1847],
        [2.6134],
        [3.1330],
        [2.8863]], grad_fn=<ReluBackward0>)
tensor([[2.7966],
        [2.3045],
        [2.8460],
        [2.8678],
        [2.9717],
        [2.4102],
        [3.4458],
        [2.6013],
        [2.5280],
        [2.7604],
        [2.3556],
        [2.4002]])
Epoch: 098, Train_rmse: 1.1141, Test_rmse: 1.4162, LR: 0.0000000100
tensor([[2.6539],
        [2.5383],
        [3.2885],
        [3.2603],
        [2.7392],
        [2.6134],
        [2.8863],
        [2.3763],
        [2.6703],
        [2.6627],
        [3.1847],
        [4.1254],
        [2.7237],
        [2.8225],
        [2.9266],
        [3.0838],
        [3.2876],
        [3.3515],
        [2.4586],
        [3.4352],
        [3.1330],
        [3.3290],
        [3.4251],
        [2.6536],
        [2.8603],
        [3.4044],
        [2.9045]], grad_fn=<ReluBackward0>)
tensor([[2.6013],
        [2.8678],
        [2.3556],
        [2.7604],
        [2.8460],
        [2.7966],
        [2.5280],
        [2.9717],
        [3.4458],
        [2.4102],
        [2.3045],
        [2.4002]])
Epoch: 099, Train_rmse: 1.1141, Test_rmse: 1.4162, LR: 0.0000000100
Finished trainning...Evaluating model
Best model has train RMSE: 1.9118405894499635
Best model has test RMSE: 1.0697915695967934
Last model has train RMSE: 1.114064954672058
Last model has test RMSE: 1.4162027590516422
